0.45	0.01  2065.995	1315.691	0.0001973447
0.45	0.05  2065.995	1315.691	0.0001973447
0.45	0.1   2065.995	1315.691	0.0001973447
0.45	0.2   2065.995	1315.691	0.0001973447
0.45	0.5   2065.995	1315.691	0.0001973447
0.45	1     2065.995	1315.691	0.0001973447
0.45	2 	  2065.995	1315.691	4.5e-6
0.45	5 	  1500.	840.	1.1e-5
0.45	10 	  1350.	710.	2e-5
0.45	20 	  1380.	650.	4.5e-5
0.45	30 	  1550.	690.	7e-5
0.45	50 	  1800.	770.	1e-4
0.45	100   2300.	1000.	3e-4
0.45	200   3100.	1300.	5e-4
0.45	1000  4000.	1700.	1e-3
0.5	0.01	 6000.00	4000.00	2.5e-6
0.5	0.05	 6000.00	4000.00	2.5e-6
0.5	0.1 	 6000.00	4000.00	2.5e-6
0.5	0.2 	 6000.00	4000.00	2.5e-6
0.5	0.5 	 6000.00	4000.00	2.5e-6
0.5	1   	 6000.00	4000.00	2.5e-6
0.5	2 		 3500.	2500.	5e-6
0.5	5 		 3000.	1600.	2e-5
0.5	10 		 2450.	1250.	3e-5
0.5	20 		 2750.	1150.	6e-5
0.5	30 		 3250.	1350.	8e-5
0.5	50 		 4100.	1650.	1.2e-4
0.5	100 	 6000.	2400.	2.5e-4
0.5	200 	 8700.	3500.	4.5e-4
0.5	1000     12000.	5000.	2e-4
0.54	0.01 7000.00		4500.00		3e-6
0.54	0.05 7000.00		4500.00		3e-6
0.54	0.1  7000.00		4500.00		3e-6
0.54	0.2  7000.00		4500.00		3e-6
0.54	0.5  7000.00		4500.00		3e-6
0.54	1    7000.00		4500.00		3e-6
0.54	2 	 5400.00		3200.00		5.5e-6
0.54	5 	 6000.		3000.		1.5e-5
0.54	10 	 4700.		2200.		3e-5
0.54	20 	 8000.		3200.		6e-5
0.54	30 	 7000.		3850.		9e-5
0.54	50 	 17000.		7200.		1.5e-4
0.54	100  29000.		12500.		5e-5
0.54	200  50000.		18500.		4e-5
0.54	1000 50000.		18500.		4e-5
0.56	0.01 15000.00		8000.00		3e-6
0.56	0.05 15000.00		8000.00		3e-6
0.56	0.1  15000.00		8000.00		3e-6
0.56	0.2  15000.00		8000.00		3e-6
0.56	0.5  15000.00		8000.00		3e-6
0.56	1    15000.00		8000.00		3e-6
0.56	2 	 10000.00		4800.00		5.5e-6
0.56	5 	 6500.		3800.		1.5e-5
0.56	10 	 6500.		3100.		3e-5
0.56	20 	 10000.		5500.		2e-5
0.56	30 	 10000.		5500.		2e-5		
0.56	50 	 150000.		80000.		2e-5		
0.56	100  150000.		80000.		2e-5
0.56	200  150000.		80000.		2e-5
0.56	1000 150000.		80000.		2e-5
