# LF_DEM version v2.0-525-gc482fc8
# np 200
# VF 0.45
# Lx 13.9626
# Ly 13.9626
# Lz 13.9626
# data in thermal units.
#1: particle index
#2: radius
#3-5: position (x, y, z)
#6-8: velocity (x, y, z)
#9-11: angular velocity (x, y, z)

# 5e-05 0.00069813 0.1 0 0.0005 
0 1 -0.393767 3.16174 -0.0649815 1.28655 21.4875 11.237 21.7693 -57.6059 -11.3639 
1 1 5.54246 -5.25533 1.10134 39.71 26.2839 45.9207 -19.7218 70.098 45.017 
2 1 -2.92472 -4.88603 -0.449297 34.4802 7.7346 1.40601 -48.6047 3.55375 68.5362 
3 1 -3.64776 -1.55014 0.96554 69.7247 20.6893 -48.6762 -19.9128 -48.0934 86.6696 
4 1 -3.33892 -2.68748 5.66552 -12.8229 9.39018 -31.3244 74.4647 -10.0164 -25.2588 
5 1 2.49923 5.64028 4.90025 -35.7648 -40.2345 49.9753 81.0429 17.4642 71.9351 
6 1 0.956605 -0.460639 -2.63448 -10.9092 -16.2186 30.6316 37.1212 8.73167 37.9804 
7 1 -0.868997 0.337383 -4.43871 -31.9937 -32.9539 -2.3489 76.4491 -2.36428 21.8481 
8 1 -4.47316 5.10795 6.58554 20.1484 -15.896 38.3928 12.4524 4.27762 13.2799 
9 1 -2.61987 -0.0192242 0.0247032 9.57716 2.29162 35.2901 58.0356 1.34635 8.95305 
10 1 2.91244 -0.741747 -2.11218 -41.5352 22.326 14.8306 33.5345 -39.3901 31.4214 
11 1 0.848109 -0.421188 -5.8463 -8.6616 -22.355 16.7984 44.0385 26.6725 -41.0518 
12 1 -4.53607 -3.60178 -0.829414 37.8272 17.5276 18.5714 -25.9048 54.2385 47.4601 
13 1 3.23317 2.62137 -2.92649 -49.8513 3.07107 8.8157 6.92931 -5.33663 -15.8296 
14 1 5.6794 -3.27225 -3.19297 -9.39661 8.27883 32.8639 19.1638 32.5334 19.916 
15 1 -5.61743 0.681658 -3.77283 24.3836 42.9564 14.5435 2.53559 11.1679 -2.5986 
16 1 5.85925 5.7978 -2.00902 10.6951 -4.59788 -14.2382 36.9812 -45.6345 -46.0909 
17 1 4.06762 5.41632 2.5331 3.23303 77.2453 35.6963 39.6151 -22.9437 -11.785 
18 1 -6.11899 -4.47722 3.61392 8.13387 28.5318 -23.9721 -7.99961 8.35087 -14.2583 
19 1 6.95943 0.820847 -2.21273 -5.94989 -36.2052 48.3331 40.4084 5.27248 -47.2895 
20 1 -4.98806 -0.405449 -5.48034 23.143 11.4629 -5.03154 -7.69487 31.3992 -10.8519 
21 1 2.59325 -1.46712 0.118104 9.13339 -52.2196 9.23369 14.3542 4.22041 28.2079 
22 1 0.777753 1.14462 2.80001 -58.7737 21.8505 -11.1472 -2.20238 -34.8024 21.7934 
23 1 -3.48759 -3.97339 4.05298 -43.3632 0.75894 -5.18239 -19.6045 93.4447 21.0593 
24 1 2.09477 4.34294 -2.97913 54.8578 54.6775 33.1404 20.1113 33.6364 -75.3391 
25 1 -1.0629 -6.03519 -0.00530461 35.4315 -29.6007 4.99078 1.39589 6.53758 -1.79659 
26 1 3.77517 -6.39037 -4.68009 8.53666 -3.24679 8.65174 35.8908 -61.8294 22.4107 
27 1 2.19266 -2.88216 -4.11224 -0.179368 15.799 43.9575 32.9629 -66.2365 24.8813 
28 1 -3.12483 3.52279 6.97406 83.0142 -55.8259 29.1371 32.9833 -16.571 -47.844 
29 1 -4.47031 -6.03655 1.26213 -10.4491 -41.5321 25.534 -105.023 4.71968 -49.2977 
30 1 -1.36153 5.80176 6.42419 -62.7904 -24.6813 20.0727 -3.66613 -35.3338 24.7606 
31 1 -5.05952 4.76903 4.36556 -10.2395 15.8538 -12.8955 11.2731 11.2892 5.49176 
32 1 -1.84553 -4.59478 1.34878 16.6729 -21.3842 56.9889 4.67653 -33.7016 -8.49417 
33 1 0.952598 -5.58534 -0.156326 27.3962 -2.77718 -7.85182 31.9169 36.8465 -29.7985 
34 1 1.85565 -3.9738 -1.16852 24.0466 28.4391 19.5633 41.8375 -16.3967 -9.89798 
35 1 4.5329 -2.29833 3.71989 49.5998 17.6548 44.7445 -8.23065 20.1191 -31.062 
36 1 -0.488621 -6.57132 -5.23707 -0.462937 -3.27809 26.0312 -20.1205 18.0358 11.2401 
37 1 1.10633 1.69073 -6.14932 -16.5414 5.46216 48.3292 -22.6601 34.8234 1.99191 
38 1 -5.51809 1.49026 -0.840977 15.4434 -23.7663 -26.3534 -0.955105 6.3276 32.4828 
39 1 -3.07096 -3.31103 -3.1999 115.65 -5.35469 11.6099 11.3852 -25.5968 22.504 
40 1 -4.64717 -1.38614 6.6755 -3.56398 23.5721 -26.663 65.2036 -1.71361 -47.8067 
41 1 6.29744 0.25427 -4.33233 -31.1209 14.4799 -13.8598 15.8695 3.70126 -10.2292 
42 1 -0.937978 -5.84753 6.8333 9.46393 -51.6234 -5.99993 18.6688 9.97997 -36.7002 
43 1 4.21202 -5.11871 -6.34374 27.6367 -15.1117 37.2555 -60.0669 -18.8964 5.97971 
44 1 2.33103 0.211371 1.68073 46.4326 -27.0577 3.22108 -4.97234 -20.4944 89.392 
45 1 4.04773 6.92781 -0.835501 -2.53148 3.21489 62.7988 21.1009 18.1382 27.272 
46 1 1.16838 5.82912 -1.89269 36.1625 9.03434 41.4208 29.0197 13.7162 -16.8273 
47 1 0.00214524 -0.840239 2.34086 -1.30951 -1.79844 26.017 23.0374 -27.9438 16.9069 
48 1 -5.10014 3.96806 -0.582586 -22.9436 -8.285 -23.3728 -25.9292 -65.7027 26.237 
49 1 -1.5675 1.06471 6.0875 -35.9766 -13.1215 54.6734 24.8296 -31.9121 -48.9058 
50 1 -4.00281 5.60881 -5.42022 33.7086 32.0298 30.2133 11.8377 7.20413 53.1897 
51 1 -2.60813 1.63342 4.31861 -41.4293 0.111042 3.88407 11.1209 -38.7399 -32.3527 
52 1 3.85182 2.55919 -5.1612 -14.3669 1.86083 23.4984 44.5372 -26.5007 12.274 
53 1 -5.09415 2.44541 -2.79779 6.27379 -4.18984 28.0128 -19.5513 15.4619 -51.2376 
54 1 1.8534 3.35753 -4.79068 -15.2148 13.4634 56.0292 -19.3867 17.4883 8.17776 
55 1 -1.88869 3.26614 5.35637 -3.26314 -12.5221 -19.5022 20.6774 -26.3729 -86.3252 
56 1 -2.88088 5.08336 5.18812 -35.6014 -6.47452 -0.736598 43.7307 1.38595 -37.6411 
57 1 4.11269 5.34384 6.14763 -45.4285 -44.9172 63.9012 -41.3846 18.0233 63.1774 
58 1 6.60588 1.61525 0.123096 25.1504 8.46149 50.6734 34.1183 11.7934 41.8486 
59 1 -0.772825 -5.29803 -3.61013 38.5894 27.3034 49.7431 -49.3088 27.2022 -8.78871 
60 1 -6.47806 -6.92748 -2.35303 1.45254 -26.3071 24.7386 -10.8305 -108.84 -56.9975 
61 1 -6.55982 -2.41431 6.58445 -9.74834 -19.4048 3.34211 29.124 -22.1339 0.707054 
62 1 1.16032 -2.01847 -1.28266 -30.0591 -20.9871 55.2809 18.844 -1.63206 -4.56433 
63 1 -1.86648 4.07079 3.45461 -13.7123 7.98357 2.76496 55.9924 -11.5911 10.5556 
64 1 4.81612 1.26625 -2.67681 -42.7644 13.7643 41.3747 45.4505 -65.0808 -59.5472 
65 1 -2.43105 3.37956 0.00987572 52.7933 5.12402 -6.19615 -40.2102 10.7084 38.0028 
66 1 1.43218 -2.28064 1.96146 9.96514 10.1581 19.0565 -25.6528 1.22779 -9.72157 
67 1 1.18096 6.64814 -6.46531 40.5325 21.2757 47.4508 3.25379 36.4041 -25.7234 
68 1 4.40515 -1.48147 -3.51692 10.9031 -7.63157 55.5545 -4.35458 3.18641 14.2361 
69 1 -0.518659 3.50339 -2.18425 -31.7171 -45.012 11.7061 40.6948 13.4086 15.1726 
70 1 1.65498 -5.35657 6.275 56.0498 21.8214 28.7297 -47.1289 -27.6743 -32.3734 
71 1 -3.33237 4.34583 -1.56972 9.34109 -13.5357 58.1567 28.7108 -103.841 14.6262 
72 1 3.10567 5.96282 -6.05493 1.54885 -45.1683 78.7484 45.8066 13.082 -2.17383 
73 1 -5.5863 0.154661 2.52269 0.355142 20.1819 -24.7396 -69.287 16.5268 -11.3299 
74 1 -4.91545 -6.86595 -4.0521 8.56308 -32.1495 -14.3133 -50.2117 -71.4954 25.3736 
75 1 -4.35613 -1.39871 -2.79942 86.9062 0.557189 -20.4314 -35.1067 -32.3943 40.2559 
76 1 -6.75675 3.70554 3.7361 8.48608 28.6867 57.2258 64.1439 -15.087 11.1458 
77 1 0.561203 -3.91902 -2.78428 50.3253 28.472 28.6366 -27.7795 68.1186 34.955 
78 1 -6.84114 3.34787 1.53948 62.4747 -73.8655 20.1803 61.3737 -14.9888 -10.9356 
79 1 0.174603 -4.57557 1.85703 1.70525 -96.7073 15.5307 111.595 -23.9254 20.6508 
80 1 6.62542 -6.3767 5.65763 -25.1571 -20.4228 -39.762 45.3218 -4.76119 36.6445 
81 1 -4.72358 0.229169 0.627696 56.9816 -56.8823 -6.38817 4.36574 -3.22425 -21.5213 
82 1 -3.89293 4.27225 1.24952 -15.0593 -7.69026 -32.3889 -64.9552 -41.7001 8.21517 
83 1 -3.0935 -3.66196 -6.3901 -3.84556 12.3416 -2.24299 41.3007 3.24635 -10.9358 
84 1 0.198711 5.14387 -0.0921865 24.9218 32.349 6.42697 -28.8272 -25.1785 19.9406 
85 1 -2.34076 -2.78221 2.27718 -3.01376 25.9638 0.563952 -2.64882 -0.494446 68.9504 
86 1 -3.22104 0.984696 1.84449 -14.6501 -3.80732 64.8229 -8.81877 19.4287 32.8851 
87 1 0.609918 -0.849486 0.363673 27.4765 -2.17298 63.165 -17.4047 13.0579 7.51725 
88 1 1.20415 -6.67007 4.69632 -26.8624 -0.943005 3.66468 -39.7181 -38.7733 5.92813 
89 1 3.68532 -3.23289 -2.66942 6.23063 -29.4749 -12.2327 43.4883 43.9629 2.32859 
90 1 -3.67218 3.80178 -4.36628 -26.1585 16.5685 -25.4197 25.454 -3.03251 4.10706 
91 1 2.02233 -0.612776 6.39734 -21.8615 52.889 -1.39645 7.18328 22.4311 4.13878 
92 1 5.82512 2.86218 -4.07049 -12.1619 11.8087 23.872 -9.69951 25.6761 61.404 
93 1 -1.1676 -0.410277 -6.43956 -40.0839 -29.2935 -12.678 -23.6937 30.3753 42.2099 
94 1 -5.47997 -6.11658 4.6651 -26.8944 42.2451 -21.836 39.0685 -12.7227 20.9799 
95 1 -5.23355 5.85816 1.04851 -1.37625 -8.68934 -50.9457 8.6334 -17.2522 6.21367 
96 1 6.4132 -6.25889 -0.730709 -44.1934 -23.442 -38.6186 0.993717 16.7656 12.7232 
97 1 2.79476 1.86192 3.22907 -62.7198 88.4233 70.9442 -51.8312 -47.3762 5.10013 
98 1 2.03438 0.827359 -0.484951 28.7025 -22.3814 27.0975 4.99964 -41.6925 -12.8302 
99 1 3.01909 -5.70156 0.458867 34.7413 -14.9672 18.1528 -4.11943 4.34523 26.5404 
100 1 -6.76369 5.96839 4.37543 -4.47188 -46.6212 -49.7061 -36.0511 18.3596 25.4775 
101 1 -1.73851 -3.78041 -4.81115 16.626 0.607611 33.0421 -37.2995 19.9098 -1.75095 
102 1 -3.79019 -3.72563 1.12741 26.2077 -14.123 10.562 41.5404 53.8094 26.759 
103 1 -4.57486 -4.84941 -3.72421 4.39112 -9.41119 -10.4283 23.6908 -36.189 -8.62412 
104 1 -4.03406 0.289245 -1.60838 -10.8396 9.69085 -37.1661 -42.9932 -36.3363 40.3809 
105 1 -1.81941 -6.00868 -1.92777 58.9203 -33.9554 11.262 13.8216 6.38096 15.3634 
106 1 4.19572 -4.09408 -4.49264 -15.1657 42.7194 -9.01718 -3.61516 12.5074 -73.6518 
107 1 -2.26306 -4.43239 5.80758 -5.27754 27.1223 -43.3528 -10.3472 1.07913 3.75168 
108 1 1.40062 3.64587 -1.14338 43.5397 31.9321 35.4431 -31.3848 22.7312 -42.2777 
109 1 5.10317 3.838 3.45045 -24.653 26.8022 43.2694 10.0046 1.65788 -34.9923 
110 1 -6.80565 -6.01544 -4.98169 -24.8156 -12.3455 -42.4825 -39.759 -4.95767 20.1304 
111 1 6.22533 4.31961 -6.28332 -10.1389 -19.1833 -1.13682 20.1375 32.4023 -66.6767 
112 1 1.26144 1.59201 -3.20875 27.8816 -4.48646 16.0927 -0.360405 -1.82635 78.4632 
113 1 0.132976 0.702795 4.82755 18.2316 17.7293 11.2272 42.0133 -4.83864 -11.1021 
114 1 6.67518 1.39001 2.21658 50.7695 11.1593 36.6097 13.8552 -17.4877 18.2381 
115 1 -3.49875 0.362869 6.7224 -4.16664 -58.1215 -13.7661 3.60435 33.2995 -54.3886 
116 1 1.10542 3.76666 3.2658 -61.6585 44.7148 -11.7381 -22.713 -23.7437 36.1399 
117 1 4.87982 -0.918712 -5.50195 16.6368 -22.4833 20.4105 -8.72136 6.91717 60.5651 
118 1 -3.10841 -5.50729 2.69564 -16.2309 -29.424 -27.965 -17.6977 -17.7541 0.422576 
119 1 3.23143 -4.31633 5.38228 -2.34306 -3.66556 16.0123 10.1347 88.933 11.8285 
120 1 1.96982 -3.99116 0.885865 58.8058 -37.8145 9.3623 -36.9677 -29.6541 20.6044 
121 1 -6.63883 -4.38395 -3.72143 -56.2722 -0.707144 -37.6595 63.0355 50.0493 -20.2914 
122 1 -5.12942 -3.63799 5.27543 -11.7193 27.4882 -6.54174 14.0631 -51.7523 11.2414 
123 1 -5.67491 -5.05324 -1.94785 20.1265 -37.6025 37.509 -21.609 -34.4845 -20.6162 
124 1 -3.67496 2.3196 -1.2835 19.1221 15.3266 -2.80378 18.1006 -24.3139 3.5061 
125 1 0.915088 4.57202 -6.34488 -35.9844 44.6418 16.5256 -68.1161 12.8742 0.547402 
126 1 5.69195 -3.05979 -5.79118 -29.506 70.3814 -25.9248 -27.511 -31.1383 -13.5274 
127 1 -1.82354 2.55765 1.85919 -75.6116 -8.04284 42.5505 11.5988 13.886 -32.0373 
128 1 3.07491 3.93024 -6.45339 -20.7739 -47.7154 45.7753 -50.4799 -44.6075 31.6623 
129 1 3.81817 -4.5691 -1.07387 1.74191 5.28034 12.4691 8.91098 11.6287 39.8319 
130 1 6.38171 6.19446 -3.99427 45.8152 -37.8875 -38.0047 -79.9747 9.51942 28.485 
131 1 -0.759589 2.32335 3.63205 -46.1972 -9.69896 11.5785 22.8117 19.8361 54.9513 
132 1 1.38441 6.09412 -4.00264 32.0293 15.6379 -13.1985 46.1739 49.6285 -39.1517 
133 1 -1.00097 6.1238 -1.43695 18.0861 15.7996 31.1088 -28.1923 -52.283 -30.9008 
134 1 1.3994 5.91909 3.17256 -23.8351 0.573845 47.9961 -0.685223 -45.8194 6.05594 
135 1 -6.16508 5.41667 -5.31878 34.6438 -11.4581 0.728209 92.5698 53.8955 24.4179 
136 1 -1.57057 0.383172 3.05854 -23.2265 13.5844 39.6752 -72.0712 -16.5826 76.3114 
137 1 -5.15504 -6.59397 -6.06329 25.1263 50.9939 30.8479 15.9042 23.9089 -29.5235 
138 1 0.533515 5.56677 5.63007 -86.3091 37.1429 67.6857 42.1651 53.4222 -7.84093 
139 1 4.40447 -1.97562 -1.18404 -12.4573 -48.9356 18.3266 23.9985 26.4116 33.8425 
140 1 -0.873675 5.30627 -5.54785 -27.9707 8.54032 39.3595 5.12723 20.8597 7.40576 
141 1 6.7382 -0.7295 1.55241 47.9912 -4.57999 -19.787 42.8473 49.4509 17.9938 
142 1 -5.9056 -5.03931 0.0895625 -16.7645 -33.1839 11.8822 34.1359 -1.28148 -34.6759 
143 1 3.43324 -6.59445 5.91891 -3.7154 -56.9786 13.7882 -9.03768 39.0076 15.4496 
144 1 -6.43353 5.82106 6.45874 3.36723 0.920591 -6.6561 -3.53603 -63.6365 -39.307 
145 1 6.0704 -1.19672 -2.20355 -12.6063 -44.786 0.899382 -11.0937 -35.2009 -33.7823 
146 1 6.24628 -4.88488 -6.79563 -4.03239 -13.4737 0.383326 2.07315 -18.1764 -79.3583 
147 1.4 -5.35308 0.696162 5.00107 -0.0471313 -17.0364 11.6552 2.02658 -10.2611 -12.0064 
148 1.4 -5.33873 4.89808 -2.92737 14.087 -47.0305 11.2578 4.28926 -9.66409 -14.8966 
149 1.4 0.972122 -3.4826 4.60541 22.4032 -13.2625 33.923 13.4161 28.9745 2.60261 
150 1.4 5.87627 1.72899 4.70452 -14.2679 45.9249 38.037 18.7919 13.0597 -17.8793 
151 1.4 6.1513 -3.7478 -0.818487 5.20589 -14.4481 13.8252 -8.07759 25.3223 -2.61899 
152 1.4 5.78429 5.63702 0.505305 1.17187 -5.15656 50.3609 5.11675 7.8973 -26.7747 
153 1.4 4.96308 -1.70495 6.07109 24.9644 -20.9361 9.34912 -2.03404 -31.7885 -24.7524 
154 1.4 0.557995 3.04661 5.59672 -55.5903 13.2151 13.3529 -19.8211 29.1848 5.52889 
155 1.4 2.45613 -5.35401 2.87715 61.2483 42.7878 28.4655 18.3958 21.5084 22.5424 
156 1.4 -0.484084 0.906044 -1.15752 -2.10815 -34.0926 -2.84295 9.11683 21.7871 -7.16395 
157 1.4 -2.98258 6.28639 0.110558 34.6206 -42.8222 15.4939 -2.48529 -25.1047 -16.3551 
158 1.4 1.97372 -0.851406 3.91705 -24.1977 5.98756 12.3001 -0.203792 -7.10474 -14.0024 
159 1.4 -2.38865 5.72183 -3.44059 0.965836 -0.539772 69.622 9.55551 -42.0387 9.00446 
160 1.4 -3.45873 6.02382 2.97621 -22.533 -7.35568 6.44936 13.1461 -20.064 -12.2113 
161 1.4 2.94152 0.278553 -4.53006 4.19481 -20.8745 9.34454 27.2112 -11.5519 -45.1476 
162 1.4 -4.4662 2.72388 3.08183 -19.8102 30.3822 -21.7311 12.6298 -9.95392 -11.3942 
163 1.4 1.65256 -5.19663 -5.16602 26.5256 39.7536 5.30995 22.0131 -3.7149 -0.0714926 
164 1.4 -5.90504 -1.45662 -0.748374 -8.47004 -3.37846 -17.1477 -9.96114 13.191 15.4024 
165 1.4 -6.43667 -1.95542 -4.22628 -1.11434 28.2449 -36.0075 -8.5385 6.22169 -6.21515 
166 1.4 5.48032 6.70549 -6.27173 9.2412 -10.4212 -15.1371 12.0762 25.5531 -14.2155 
167 1.4 3.83635 4.4208 -1.23724 41.293 32.2098 10.9247 9.93783 -27.6925 -19.9562 
168 1.4 -1.22442 -6.1126 4.31999 -9.70099 1.17033 -3.89033 -0.244721 1.60354 22.2339 
169 1.4 -5.48396 -4.11749 -5.948 6.7754 19.9019 -33.4428 -4.4978 2.63012 1.00568 
170 1.4 4.58792 0.040067 2.72594 31.2435 -41.4259 42.2581 29.9083 7.8984 8.897 
171 1.4 -0.127735 -1.98893 -4.22242 5.51007 32.5111 26.248 -15.6047 11.6596 -9.32492 
172 1.4 -2.84626 1.57065 -3.52337 14.8476 32.2142 -12.343 5.53858 9.87932 -13.704 
173 1.4 2.42378 -6.03794 -2.50348 22.5226 -3.70234 1.83562 -22.8503 -27.4662 -18.4495 
174 1.4 4.68831 2.90698 1.1144 -22.5827 0.272446 18.7044 -2.76921 -13.8697 -6.88505 
175 1.4 4.2374 4.91705 -4.06346 16.0095 -4.29859 14.4167 6.69841 13.9797 -6.81089 
176 1.4 4.60175 -2.41826 1.23561 36.0942 1.04651 15.158 -22.299 18.819 5.08876 
177 1.4 -2.85385 -1.5864 -5.06882 15.4456 -3.85628 12.2463 -8.81634 -29.9167 42.8759 
178 1.4 -1.12742 -1.47479 4.7775 8.85178 -0.146227 -21.4581 37.1435 36.1216 -23.3814 
179 1.4 -3.47307 -6.63662 6.084 -10.8874 7.23745 32.7351 -2.47988 -2.56872 20.8791 
180 1.4 -0.533533 -3.16323 -6.92234 -27.0657 16.54 -9.5783 -21.9781 -20.1437 -4.42466 
181 1.4 -4.66651 2.01887 -5.75271 9.83064 -4.91401 -14.17 -22.6188 0.45657 -15.202 
182 1.4 -0.679315 6.38374 1.90763 -11.6902 -27.5134 35.8421 0.729006 -33.7041 12.2625 
183 1.4 -0.589441 2.96725 -4.75247 -4.8016 -23.5044 3.52142 37.3791 -35.8867 -46.8811 
184 1.4 -3.79327 -1.29007 3.62169 -15.6841 15.2535 -23.8298 -10.837 34.0704 20.2525 
185 1.4 5.67174 -4.23189 4.83889 9.67089 -2.21482 -9.73141 5.3987 0.948278 8.89258 
186 1.4 2.3715 5.90408 0.792414 -3.18493 24.5699 39.0812 35.896 -8.68807 1.55122 
187 1.4 6.48196 3.36252 -1.67815 -9.28624 8.84717 47.706 11.2615 -1.65645 2.55813 
188 1.4 2.5341 -2.87234 -6.63018 4.37048 45.3974 38.15 10.0597 8.35673 21.4702 
189 1.4 -6.73394 -1.80244 4.17588 28.0803 -4.40444 -14.4928 -18.6204 -39.1335 -21.8983 
190 1.4 4.14927 0.950006 6.88671 -4.85134 -23.7881 -5.8531 -2.74208 38.0156 2.86633 
191 1.4 5.29842 -5.70709 -2.84877 -5.75079 -15.4442 7.06901 -1.66505 8.89999 -5.59547 
192 1.4 1.80413 2.72322 1.13283 30.3363 -5.03507 37.0635 1.48608 -4.61781 2.35095 
193 1.4 6.89113 0.0920182 -6.71864 2.66257 -5.2036 15.5592 -21.5171 -17.374 -2.41093 
194 1.4 4.48955 0.338086 -0.199255 8.49501 -20.9686 51.6904 -0.780182 25.2928 19.5468 
195 1.4 -6.11443 3.30709 6.08234 24.1996 -18.6249 20.6952 17.1859 -20.2058 -36.8366 
196 1.4 -2.87572 -5.95468 -5.14992 24.8507 -11.3602 7.64873 -23.947 24.4493 0.355066 
197 1.4 3.45265 3.19414 5.18695 -4.70476 2.27969 70.6232 10.1224 30.1343 12.6556 
198 1.4 -6.66809 -6.51269 2.29872 18.1893 4.62187 -15.7703 9.83249 28.3665 7.76559 
199 1.4 -6.36538 -3.08145 1.5892 6.95829 19.6962 -12.8181 -26.052 -26.7681 4.17177 
# 0.00045 0.00628317 0.1 0 0.0045 
0 1 -0.363119 3.19566 -0.0649332 -26.9801 -8.49638 -47.4906 16.6665 33.4679 -66.0647 
1 1 5.49089 -5.30487 1.04177 -5.76592 -29.3854 -39.4519 -17.0507 50.8489 54.2837 
2 1 -2.92594 -4.96501 -0.436427 3.67714 -32.0172 -2.75159 -76.5767 14.9678 25.4702 
3 1 -3.70769 -1.53182 0.929764 0.757215 -7.92541 -4.62414 -15.6724 53.1644 3.54581 
4 1 -3.39716 -2.69684 5.65459 -31.9178 10.8568 23.4515 63.544 -10.3048 -16.3108 
5 1 2.53953 5.66294 4.8733 22.6857 -11.4636 -49.5723 21.8254 -44.1161 40.4985 
6 1 0.912661 -0.370053 -2.67256 -2.8956 42.0865 -66.2983 37.0959 51.4807 -11.6883 
7 1 -0.920203 0.344892 -4.52674 -17.3546 -8.16327 -43.3956 -9.99013 -51.2605 12.7183 
8 1 -4.46008 5.16093 6.51517 39.7574 33.203 -9.14142 -30.2294 26.7144 29.5206 
9 1 -2.68767 0.0420882 0.0499903 -24.8941 -15.8217 7.65959 -18.4243 29.5568 -19.1059 
10 1 2.92086 -0.655965 -2.17114 -18.159 19.9029 11.0177 -36.0406 -49.6828 -15.2341 
11 1 0.903471 -0.450753 -5.89548 23.0382 -38.7991 29.0913 9.98658 47.0455 15.7551 
12 1 -4.58027 -3.55347 -0.852365 -7.2 14.8082 -46.9282 64.2042 -23.1835 39.5208 
13 1 3.33408 2.5922 -2.9862 41.7442 3.81752 -25.9742 -3.73039 22.494 -37.4917 
14 1 5.64704 -3.27722 -3.23436 -5.71287 10.2683 -4.02857 23.0193 -6.59397 -14.9348 
15 1 -5.58084 0.639473 -3.80283 6.03306 -31.4042 -43.7466 -37.9721 -13.9351 72.4851 
16 1 5.86303 5.79034 -2.03547 -5.09112 11.5024 -15.6607 3.34419 4.33297 -9.1533 
17 1 4.01479 5.4613 2.57605 -104.318 54.8882 46.3584 -18.6022 22.025 -39.736 
18 1 -6.12241 -4.50558 3.59382 -14.3785 11.7667 10.3421 9.29914 -7.46406 30.4578 
19 1 6.91215 0.843971 -2.21135 10.9735 -12.9774 3.83113 -34.71 -6.79686 5.03808 
20 1 -5.00167 -0.409255 -5.5026 -2.34898 0.519895 9.29667 25.9377 -19.8149 -26.0339 
21 1 2.59838 -1.44547 0.110829 -10.8288 44.5512 12.8262 -26.9736 2.33976 5.71726 
22 1 0.741791 1.09389 2.82024 -4.45555 7.58166 6.40114 66.336 -60.5739 -2.40753 
23 1 -3.41045 -3.97928 4.09652 21.1664 -3.63496 43.3599 -34.8311 12.5258 51.8862 
24 1 2.11691 4.2548 -2.9874 29.4479 -32.4953 9.20729 -0.738271 19.2085 9.13985 
25 1 -1.06693 -6.01696 -0.0211607 34.6997 -22.7449 -15.7559 13.2695 -10.2999 13.7078 
26 1 3.71062 -6.39654 -4.66816 -63.6039 -10.4751 -32.7011 -15.4979 17.5679 6.19691 
27 1 2.10985 -2.92155 -4.04753 -6.55359 -26.9835 -5.16376 -15.4786 -31.5052 4.23934 
28 1 -3.1551 3.48053 6.96429 -4.85947 -66.4284 9.69483 -35.215 -5.58777 -15.6215 
29 1 -4.43884 -6.07248 1.14529 29.4319 13.2519 -32.784 -1.71805 -23.3304 1.22618 
30 1 -1.35078 5.84399 6.44959 -69.6421 10.1514 25.9165 24.1278 9.69094 26.7519 
31 1 -5.03762 4.73702 4.40353 51.0862 -15.3948 63.3033 47.9269 -13.4234 -64.8989 
32 1 -1.87712 -4.64709 1.34331 16.1323 -35.9969 5.43439 -45.1375 7.58286 4.69767 
33 1 0.967108 -5.58634 -0.105481 20.4283 -62.0092 35.5034 4.73065 28.5442 26.7476 
34 1 1.86726 -3.97799 -1.18501 37.793 -18.6037 -6.761 65.0564 -28.6426 -6.7812 
35 1 4.55824 -2.32946 3.68084 1.60603 57.6306 14.3623 46.251 27.8974 16.7574 
36 1 -0.498124 -6.63271 -5.24961 33.2776 -61.4884 -24.2845 4.92109 -22.7373 2.17103 
37 1 1.11624 1.68408 -6.15954 -10.6159 -68.5636 -17.24 -50.9275 86.1784 -28.6054 
38 1 -5.45954 1.49773 -0.856999 17.5962 10.0806 18.9575 -49.5304 43.8409 -19.3299 
39 1 -3.17447 -3.3721 -3.28931 -19.624 -9.44105 -19.9761 -23.9896 -8.63114 -28.0254 
40 1 -4.63153 -1.42247 6.68279 -4.1616 7.68638 14.8879 20.4525 -44.1012 -66.7777 
41 1 6.35214 0.223298 -4.30633 0.317989 -17.7587 -16.6226 1.85333 -18.4409 14.8604 
42 1 -1.01123 -5.83606 6.78596 -20.2764 17.2652 -31.865 58.3022 -92.8129 61.9751 
43 1 4.22686 -5.11478 -6.3339 39.3769 0.842848 9.83084 -2.00607 -19.6587 57.9172 
44 1 2.2662 0.158573 1.69133 30.0857 -5.89848 51.6023 25.741 27.0343 -63.6923 
45 1 4.05247 6.93952 -0.827716 -7.26086 -11.1884 -9.0701 47.6327 -37.3713 47.6055 
46 1 1.28037 5.7234 -1.89055 66.1041 -11.6184 8.62586 14.6789 6.57579 -10.7954 
47 1 -0.0562604 -0.902272 2.35239 -8.32153 -4.71518 3.53477 -18.4726 43.5439 11.0779 
48 1 -5.07507 3.98171 -0.670321 -27.3436 -50.0327 -43.4316 -21.1735 -63.3566 44.8951 
49 1 -1.52357 1.0489 6.14587 48.5023 11.9553 23.1962 56.6346 -12.1992 -67.2258 
50 1 -3.89259 5.61926 -5.46659 39.5283 -0.0376846 36.3182 20.7675 13.0589 -23.5656 
51 1 -2.62298 1.57812 4.3577 -2.06002 54.3899 30.4002 -1.28717 81.5645 19.9007 
52 1 3.90065 2.58349 -5.17483 26.4201 -11.1241 -7.06597 59.8981 -44.1096 -8.19978 
53 1 -5.12353 2.41771 -2.76334 -6.48559 37.2954 -56.4526 -15.4129 -6.79556 44.0626 
54 1 1.87427 3.41762 -4.85358 24.4071 -9.1297 -5.60575 32.3273 26.8319 -11.1242 
55 1 -1.89589 3.28228 5.37032 36.4725 44.3399 -3.25554 5.11527 -13.7145 -4.06144 
56 1 -2.86827 5.07148 5.13677 -5.72569 -10.6615 -3.80172 -16.591 -7.35031 22.8626 
57 1 4.11161 5.34887 6.12247 3.024 -8.18631 -55.1707 -80.5794 -14.0694 6.04496 
58 1 6.66283 1.57763 0.106513 27.7025 -30.5698 -24.8362 37.4397 21.1006 31.2109 
59 1 -0.796885 -5.27588 -3.6083 -22.8914 24.1625 -32.9936 3.99478 9.42597 -19.857 
60 1 -6.48077 -6.95538 -2.40593 32.4053 6.90808 -70.404 5.30433 2.34766 18.022 
61 1 -6.59053 -2.46245 6.57417 4.73742 -5.61932 -9.41808 -28.6014 33.9759 42.6318 
62 1 1.19497 -1.9517 -1.32762 -5.45032 27.395 -86.8341 0.624477 -27.5673 -20.4465 
63 1 -1.9256 4.09388 3.43164 5.74566 15.861 17.2652 -24.8869 -24.3831 -13.3812 
64 1 4.78858 1.23473 -2.72288 28.9433 0.736385 12.7567 -6.91954 -0.0609737 3.37816 
65 1 -2.42241 3.36948 -0.0229683 7.6994 31.1484 22.7966 47.1212 -82.8227 -36.9993 
66 1 1.48305 -2.2838 2.00878 59.6132 -22.8932 -22.3958 27.8785 2.0645 35.2095 
67 1 1.13065 6.59137 -6.48132 -57.2253 -22.4197 9.68243 -65.4278 -14.0752 -31.0028 
68 1 4.44075 -1.49158 -3.51589 30.3468 -48.1366 13.2515 -30.6625 -7.1532 -30.912 
69 1 -0.64245 3.49759 -2.14308 -47.6225 12.8112 -18.5282 6.45741 -13.329 29.7744 
70 1 1.63714 -5.37887 6.24769 1.76239 -1.57321 -48.9691 -22.9614 -47.6571 -59.7406 
71 1 -3.24963 4.3499 -1.56744 26.215 49.9355 50.3132 -22.5359 -2.21736 17.336 
72 1 3.11071 5.96159 -6.01884 -12.6233 -53.9952 54.3772 16.1842 26.4977 15.0704 
73 1 -5.58942 0.0690494 2.50828 33.9211 6.42086 -45.4697 29.2124 -6.88631 -12.3232 
74 1 -4.99698 -6.87824 -4.09831 -2.81686 18.2742 -6.15578 -18.0553 37.8177 21.1907 
75 1 -4.38493 -1.41448 -2.7906 57.5785 -30.3686 27.6049 -73.7123 -48.471 -12.6973 
76 1 -6.73098 3.70342 3.73002 9.93594 55.2349 37.1966 7.48999 -0.608461 -9.40922 
77 1 0.574601 -3.86237 -2.78566 29.5286 42.0034 -30.3086 -0.651263 25.4811 8.39854 
78 1 -6.85013 3.36809 1.55284 7.30795 55.9622 -23.2808 -12.423 -43.795 -16.7452 
79 1 0.166505 -4.60604 1.7676 55.1168 -17.9893 11.4941 24.3348 -30.1181 4.00864 
80 1 6.59535 -6.40298 5.62913 12.9808 -32.6668 -19.0833 45.472 -41.1626 16.2865 
81 1 -4.80754 0.245545 0.626478 1.28992 7.60878 -26.5874 -36.8867 -1.58858 -7.59816 
82 1 -3.95211 4.27808 1.17262 -33.3209 -23.974 -54.514 21.1088 -84.4966 -11.194 
83 1 -3.08827 -3.66801 -6.36808 24.7214 -3.72419 15.1549 7.45187 -56.3465 51.4249 
84 1 0.251353 5.13172 -0.130323 33.2505 -49.765 -45.8385 1.84175 -26.5401 6.90892 
85 1 -2.34895 -2.81055 2.35539 -53.1201 -20.2548 22.0591 23.6324 -18.8761 38.8523 
86 1 -3.2243 0.977753 1.83531 29.7185 -23.5558 -15.605 14.916 3.92106 58.9317 
87 1 0.573788 -0.821359 0.365965 5.41308 -25.9126 -21.864 36.1313 -36.6137 20.9443 
88 1 1.15458 -6.64667 4.67283 30.499 -7.30832 3.80846 -76.5554 -8.91815 -42.5182 
89 1 3.65983 -3.26226 -2.68941 -27.3592 -18.5741 30.1952 -42.0514 -5.2983 34.5019 
90 1 -3.74319 3.74918 -4.33764 16.1648 2.52038 -19.8447 -21.8114 -49.3518 42.9685 
91 1 2.11581 -0.606117 6.38426 37.1212 12.8235 28.0726 -22.6433 -38.4228 10.792 
92 1 5.82838 2.85965 -4.07566 -47.7007 -47.8453 -40.0304 32.1215 46.9913 -52.9799 
93 1 -1.14953 -0.405213 -6.454 43.1971 7.95394 -4.61069 -28.7363 14.2319 -0.780834 
94 1 -5.45856 -6.07354 4.6567 10.5133 30.8274 -7.4508 69.38 27.3768 -37.2776 
95 1 -5.24478 5.87883 1.01064 63.8385 -28.5597 7.63779 -1.65727 0.544326 37.0477 
96 1 6.33497 -6.23737 -0.740575 -36.3063 2.79889 20.4753 -17.541 -61.7989 -19.666 
97 1 2.79032 1.9339 3.22639 2.19402 21.78 -57.0726 27.7049 -9.62914 -50.3837 
98 1 2.04592 0.792236 -0.468793 -34.1435 9.08985 34.3004 -15.3598 62.778 6.99204 
99 1 3.02764 -5.68384 0.390156 28.0843 -84.1518 -27.7853 -7.18868 -41.5369 -23.4214 
100 1 -6.7295 6.01416 4.35701 71.129 19.6977 -18.3679 -63.9449 -16.5318 34.6641 
101 1 -1.82048 -3.77004 -4.78699 -38.9586 37.889 -11.8884 11.3118 -18.8967 -21.1557 
102 1 -3.83116 -3.69565 1.1294 -2.4167 7.34376 -38.0011 8.62101 -44.8313 -13.9025 
103 1 -4.60979 -4.86938 -3.726 49.2623 -39.6467 -4.09915 -32.9504 -23.8532 -28.1679 
104 1 -4.01382 0.32863 -1.64239 -8.80254 35.2805 -1.95791 -53.108 -14.2206 -10.3195 
105 1 -1.8374 -6.06581 -1.95662 21.3274 -20.9248 5.74118 3.91978 1.67724 22.6059 
106 1 4.18656 -4.1024 -4.50429 -15.599 7.53414 -30.0125 51.0746 -3.85392 -41.7725 
107 1 -2.27187 -4.4332 5.82887 -9.26354 15.3575 -5.57306 17.5564 -29.5606 18.3324 
108 1 1.40254 3.62175 -1.18412 6.33273 -19.0633 -6.2441 44.5479 -34.7567 15.986 
109 1 5.11678 3.86526 3.41369 -7.58849 24.4089 61.218 -21.2569 -35.6727 -66.8231 
110 1 -6.82487 -6.01422 -5.00633 6.64128 15.033 -13.2457 3.22854 -20.7048 -48.7324 
111 1 6.18767 4.30235 -6.22402 -65.5172 -13.3239 -12.6722 33.5076 24.8551 30.5255 
112 1 1.23319 1.6763 -3.22008 -27.4338 35.6587 22.465 -3.79084 -15.4134 14.0793 
113 1 0.0719349 0.648499 4.80045 0.146432 -17.3412 -30.8959 -34.2124 10.9355 57.6554 
114 1 6.72977 1.32712 2.14912 68.2423 22.3583 -26.4563 -44.815 15.523 12.218 
115 1 -3.41688 0.259845 6.71484 20.0107 -14.0673 34.4093 -40.0883 14.4002 16.8904 
116 1 1.08715 3.75238 3.23967 -81.1335 5.01781 -22.4875 10.0446 -32.7689 -28.1543 
117 1 4.86531 -0.97796 -5.51686 1.05218 -27.6452 -8.86094 -29.9641 21.4689 -3.57439 
118 1 -3.15598 -5.55509 2.66689 -8.70136 -32.1668 -23.591 1.9388 -10.2287 -10.1703 
119 1 3.26717 -4.2895 5.4043 4.62396 25.3795 -31.4053 -10.3815 -13.1674 15.1898 
120 1 1.9751 -3.99833 0.878598 11.5946 -51.0147 -4.61781 -6.19295 7.64403 -23.2991 
121 1 -6.65217 -4.4007 -3.68481 2.60767 16.8817 -7.73428 7.11269 52.0672 46.3306 
122 1 -5.19872 -3.70309 5.21218 -14.2324 -30.2018 1.85219 14.9117 -56.4217 -60.8697 
123 1 -5.63383 -5.13676 -1.97574 4.15353 1.26479 -39.6458 62.3383 31.0265 75.8169 
124 1 -3.65525 2.28684 -1.23232 -11.0734 35.5778 18.8323 36.7026 55.5607 12.9445 
125 1 0.957159 4.55674 -6.35893 37.5569 -37.7173 -2.65865 25.6241 14.375 -22.5899 
126 1 5.75135 -3.03704 -5.80442 16.0483 6.85 29.3201 41.8586 -76.5616 -21.9835 
127 1 -1.82435 2.53886 1.83902 -38.1779 -2.17582 26.4684 51.3348 -51.9279 21.0599 
128 1 3.13401 3.95824 -6.47472 22.466 0.666733 -14.2718 41.9941 57.7818 -5.91304 
129 1 3.82769 -4.57097 -1.07822 17.8055 -70.3251 6.95723 16.9158 -17.833 -13.2192 
130 1 6.40429 6.18072 -4.00626 -12.369 -1.27083 3.75045 -15.1716 0.934991 41.9721 
131 1 -0.817289 2.3034 3.62479 -18.8361 27.6658 7.11078 -30.5386 29.5117 52.2101 
132 1 1.40226 6.01344 -3.99529 93.9268 -69.8069 37.0533 1.79334 -50.5082 0.93631 
133 1 -0.997773 6.10556 -1.44685 46.3203 14.8089 -17.1665 -26.6873 -17.6597 5.43677 
134 1 1.36364 5.93333 3.11675 9.51665 -31.6688 -26.5277 -20.7716 57.1684 -21.3867 
135 1 -6.14623 5.40113 -5.26469 -6.59924 48.654 18.9157 21.322 -30.8065 -13.6257 
136 1 -1.59946 0.444117 2.99865 -7.49731 56.1942 -14.6476 13.8068 11.5694 24.6503 
137 1 -5.19769 -6.64067 -6.11663 37.8851 3.49548 -16.6736 31.1309 -50.1586 -13.6257 
138 1 0.532093 5.53767 5.63986 -25.8777 -6.36369 -12.4043 51.411 36.8582 13.5322 
139 1 4.39323 -1.95998 -1.21912 -51.8842 25.9736 25.2593 -3.37805 3.35965 -39.6687 
140 1 -0.78705 5.27728 -5.56401 9.10824 -38.1513 20.5914 -30.883 95.1904 -68.1389 
141 1 6.66977 -0.72221 1.50483 0.827075 11.7718 -33.9323 -31.1827 -5.16654 -24.1361 
142 1 -5.91171 -5.01782 0.0111326 -2.61321 21.7792 -53.6367 -4.31464 -2.54889 19.5178 
143 1 3.36119 -6.66379 5.97204 -20.7202 -55.9911 0.393697 36.9617 -50.1143 -10.9907 
144 1 -6.41841 5.8702 6.50297 35.6048 4.17982 71.1911 16.2958 -44.966 -4.74242 
145 1 6.05912 -1.21029 -2.26109 8.09661 -20.3671 28.2333 -11.2116 -51.6214 -14.5939 
146 1 6.24631 -4.8929 -6.77506 -21.625 -8.45777 24.3966 26.152 26.99 -62.6503 
147 1.4 -5.39571 0.65422 4.95563 9.05902 8.43826 -18.3742 -3.37945 -42.8328 24.3833 
148 1.4 -5.37446 4.87886 -2.93903 19.9296 20.7517 -11.2099 -2.28411 0.92035 -25.3545 
149 1.4 0.986286 -3.46772 4.59776 8.18686 -33.526 -42.8374 26.1169 -37.8809 -12.7593 
150 1.4 5.86894 1.78698 4.68123 -1.44189 14.8587 -5.11737 -13.05 -4.30952 -8.53196 
151 1.4 6.14929 -3.71407 -0.836211 -1.1079 19.6217 -27.3383 -4.42687 -12.8404 -1.27582 
152 1.4 5.82943 5.64721 0.516036 43.1169 1.10623 -9.69498 -5.29779 22.4037 -11.5722 
153 1.4 4.9956 -1.72833 6.03682 15.4368 28.3111 3.41658 -3.78067 -25.6738 -38.2937 
154 1.4 0.566414 3.03187 5.55342 -8.42167 22.2809 -0.501203 25.83 1.59692 4.55106 
155 1.4 2.39052 -5.32574 2.88359 4.37833 -56.2349 -29.7685 6.4207 -5.49431 9.42552 
156 1.4 -0.493605 0.914835 -1.1284 0.925231 -5.557 -20.4749 4.42812 12.7853 39.0633 
157 1.4 -3.00033 6.25495 0.0762555 11.7181 -12.7546 -4.97867 -4.6843 13.7969 -11.2711 
158 1.4 1.98891 -0.822431 3.94941 38.0419 -11.8448 40.8685 2.06611 -1.41577 -5.8251 
159 1.4 -2.45971 5.74639 -3.42876 4.08775 27.0899 12.3039 -33.9998 -6.80709 19.971 
160 1.4 -3.47674 5.9925 2.89596 -25.2273 -20.2384 -24.8993 -3.03504 10.8453 31.5998 
161 1.4 2.93805 0.248349 -4.50003 -10.765 -9.15406 14.7924 -2.12359 -28.9941 24.5353 
162 1.4 -4.5249 2.71961 3.02287 -1.59591 1.15469 -29.1865 17.8138 3.36684 -20.0946 
163 1.4 1.66634 -5.21235 -5.23581 -25.6726 -17.6541 -62.5079 -3.68012 12.4579 0.583448 
164 1.4 -5.91016 -1.42564 -0.76365 -18.8393 31.2889 5.52976 -19.2299 18.621 -28.059 
165 1.4 -6.41105 -1.9757 -4.21126 33.2524 -23.2488 14.4111 22.4702 18.1999 -25.7752 
166 1.4 5.45534 6.75228 -6.25095 -8.90764 -1.04422 -4.03982 -0.760328 31.1817 -34.9255 
167 1.4 3.86077 4.43359 -1.28333 21.5879 25.6451 -46.2722 3.26685 -4.97046 26.6526 
168 1.4 -1.22442 -6.11693 4.27635 16.0854 29.504 -10.1315 0.408849 -4.75348 -13.2596 
169 1.4 -5.48356 -4.1273 -5.99542 17.2377 -14.204 -23.95 -23.3101 23.4978 21.6437 
170 1.4 4.60347 0.0733927 2.77337 27.4009 -0.132754 19.4084 5.4386 -21.0091 0.413234 
171 1.4 -0.161093 -1.99051 -4.23609 12.8963 14.3524 -28.9403 -37.7588 17.8187 -0.0582876 
172 1.4 -2.85551 1.5547 -3.55828 -15.4021 38.4771 4.9528 -18.4133 -1.17496 -3.112 
173 1.4 2.43312 -6.02369 -2.53584 -12.5211 6.89434 -39.1872 2.72884 -13.1649 18.3917 
174 1.4 4.70464 2.91237 1.10074 13.8785 -23.7614 -15.2582 16.5674 3.46428 -10.01 
175 1.4 4.31489 4.90286 -4.08135 11.4337 -8.25431 -20.6145 -26.1522 24.9267 -16.9106 
176 1.4 4.55533 -2.38582 1.22027 -67.0931 13.236 10.5666 -15.6125 -32.2122 14.8555 
177 1.4 -2.83263 -1.50859 -5.09552 25.6337 26.1758 -36.3876 -16.1926 -2.99522 13.5694 
178 1.4 -1.16983 -1.55947 4.73228 31.1536 -13.9407 -67.9835 1.43235 17.5746 -6.02503 
179 1.4 -3.43982 -6.64515 6.11256 21.2983 38.1778 -6.91305 -17.5471 28.7672 17.117 
180 1.4 -0.584432 -3.14523 -6.90182 -5.47191 -12.5752 -29.3538 13.498 -32.9332 0.28345 
181 1.4 -4.64958 1.99298 -5.77467 20.8819 -7.54169 -3.03576 -13.3999 -10.4464 1.16233 
182 1.4 -0.702377 6.329 1.84062 -13.8063 -8.20252 -11.9069 25.2874 20.0632 -7.34829 
183 1.4 -0.624977 2.98518 -4.76838 -22.8899 -5.81533 -8.37042 -41.511 -15.9136 24.4931 
184 1.4 -3.84058 -1.29007 3.62348 -10.3783 -4.77211 19.0505 -15.484 20.459 -42.8987 
185 1.4 5.66915 -4.20736 4.7973 -1.57685 33.1139 -5.11643 28.4095 -17.213 -33.5321 
186 1.4 2.37138 5.91026 0.747354 6.16475 -38.4646 -59.4202 29.9351 18.8381 11.7974 
187 1.4 6.4925 3.31502 -1.64354 30.4163 -8.16711 -56.2526 8.62482 2.70031 25.5971 
188 1.4 2.50709 -2.87315 -6.64525 -27.9348 8.81635 -25.6879 53.1369 -13.921 5.99486 
189 1.4 -6.72983 -1.84032 4.17298 27.4459 -8.35092 6.54312 -26.2281 -2.32187 -17.0348 
190 1.4 4.21118 0.93036 6.91192 43.9786 -3.41625 11.4977 -2.12766 6.34155 26.322 
191 1.4 5.28534 -5.72436 -2.87071 -4.09965 -11.9618 -21.4249 -0.816273 10.67 5.97131 
192 1.4 1.81784 2.6947 1.12853 -18.505 -5.31466 -22.545 -24.0811 -6.38894 -3.31294 
193 1.4 6.90343 0.0708268 -6.7126 -2.4102 5.99756 8.83826 12.6819 -18.6731 7.37329 
194 1.4 4.49842 0.356267 -0.175991 41.5132 -53.5646 31.0579 5.4008 4.26072 -15.4828 
195 1.4 -6.15099 3.31781 6.10168 35.1304 -3.13057 27.3616 6.47648 37.4486 -7.15307 
196 1.4 -2.90961 -5.94028 -5.15923 37.541 9.02129 -16.803 23.0969 14.6054 -1.33071 
197 1.4 3.46251 3.2045 5.17831 -13.8175 -8.80768 -1.76073 6.67491 -9.27981 4.35808 
198 1.4 -6.64244 -6.51453 2.2735 29.1826 4.73294 -0.14777 3.22223 -16.416 6.11791 
199 1.4 -6.37574 -3.02439 1.56884 -30.4062 28.3047 -15.4887 5.94199 -6.95729 3.18327 
