# LF_DEM version v2.0-476-g5b678e2-dirty
# np 200
# VF 0.45
# Lx 13.9626
# Ly 13.9626
# Lz 13.9626
#1: number of the particle
#2: radius
#3: position x
#4: position y
#5: position z
#6: velocity x
#7: velocity y
#8: velocity z
#9: angular velocity x
#10: angular velocity y
#11: angular velocity z
#12: viscosity contribution of lubrication
#13: viscosity contributon of contact GU xz
#14: viscosity contributon of brownian xz
#15: angle (for 2D simulation only)

# 0 0 1.26729 5 0 
0 1 -0.39441 3.151 -0.0706 0.00583114 -0.123835 0.391783 -0.0430388 0.441251 -0.0121158 50.4634 0 0 0
1 1 5.5226 -5.26847 1.07838 1.18649 -0.156276 0.761476 -0.0677179 0.815956 0.063296 13.7974 0 0 0
2 1 -2.94196 -4.8899 -0.45 -0.209845 -0.0588484 0.0948463 -0.199262 0.703631 -0.0404082 29.1208 0 0 0
3 1 -3.68262 -1.56048 0.989878 1.06234 -0.206237 -0.264389 -0.0513217 0.868352 0.0553783 26.1054 0 0 0
4 1 -3.33251 -2.69218 5.68118 7.04115 -0.297148 -0.106692 -0.0626789 0.560594 0.124847 36.1889 0 0 0
5 1 2.51711 5.6604 4.87526 6.6517 0.253378 -0.27893 -0.0285882 0.669957 0.0868213 76.3985 0 0 0
6 1 0.96206 -0.45253 -2.6498 -3.30371 -0.620888 -0.0990564 -0.055436 0.655924 0.0284937 62.2919 0 0 0
7 1 -0.853 0.35386 -4.43754 -5.50898 -0.0781821 -0.248447 -0.0777425 0.395643 -0.130562 26.636 0 0 0
8 1 -4.48323 5.1159 6.56634 8.02183 -0.117446 0.20284 -0.0133233 0.609922 0.0450217 36.2823 0 0 0
9 1 -2.62466 -0.02037 0.00705811 -0.177855 -0.251587 -0.717018 0.119414 0.576338 0.00875033 41.2858 0 0 0
10 1 2.93321 -0.75291 -2.1196 -2.75114 0.0241984 0.430612 -0.0424121 0.576386 0.12994 58.4005 0 0 0
11 1 0.85244 -0.41001 -5.8547 -7.07164 0.19202 0.285333 0.0858332 0.3887 -0.0378762 55.7096 0 0 0
12 1 -4.55498 -3.61054 -0.8387 -0.835346 -0.24003 0.00653074 -0.0589208 0.529905 -0.0103446 30.7413 0 0 0
13 1 3.2581 2.61983 -2.9309 -3.78834 -0.122308 0.226916 -0.0359571 0.633406 -0.157142 18.4412 0 0 0
14 1 5.6841 -3.27639 -3.2094 -4.40601 -0.0216451 0.366649 0.0592623 0.532924 -0.0193978 55.7624 0 0 0
15 1 -5.62962 0.66018 -3.7801 -4.89532 -0.000860313 0.069197 0.197633 0.760506 -0.0476337 46.1835 0 0 0
16 1 5.8539 5.8001 -2.0019 -2.64799 -0.172042 -0.278976 0.0254427 0.720021 0.120366 36.315 0 0 0
17 1 4.066 5.3777 2.51525 2.04115 -0.272841 -0.0958641 -0.0225906 0.710967 0.298821 45.3642 0 0 0
18 1 -6.12306 -4.49149 3.62591 5.21458 -0.17835 -0.379829 -0.0771878 1.01086 -0.017264 47.4812 0 0 0
19 1 6.9624 0.83895 -2.2369 -3.15787 -0.108223 0.588233 -0.0278137 0.673168 -0.0446039 46.9948 0 0 0
20 1 -4.99963 -0.41118 -5.47782 -7.05613 0.298866 -0.454072 -0.0172423 0.6453 0.0684747 74.4822 0 0 0
21 1 2.58868 -1.44101 0.113487 0.120524 -0.148046 0.185238 -0.0861976 0.471854 -0.0237172 62.7043 0 0 0
22 1 0.80714 1.13369 2.80558 3.62458 -0.07574 0.284324 -0.0621288 0.535866 0.116098 44.1024 0 0 0
23 1 -3.46591 -3.97377 4.05557 5.89795 -0.132234 -0.0191327 -0.0785247 0.719264 -0.0568003 33.2933 0 0 0
24 1 2.06734 4.3156 -2.9957 -3.40584 -0.108758 0.433754 -0.017878 0.72159 -0.0916815 88.2244 0 0 0
25 1 -1.08062 -6.02039 -0.0078 0.281759 -0.325625 -0.544282 -0.0141204 0.579747 0.0365516 34.2566 0 0 0
26 1 3.7709 -6.38874 -4.68442 -5.90248 0.264602 0.552039 -0.0854822 0.701816 -0.0254012 86.3521 0 0 0
27 1 2.19275 -2.89006 -4.13422 -5.5581 -0.0415574 0.327301 -0.116298 0.568067 0.076196 38.1885 0 0 0
28 1 -3.16634 3.5507 6.95949 8.68538 0.651606 0.134056 -0.0938203 0.623244 0.177535 40.1754 0 0 0
29 1 -4.46509 -6.01579 1.24936 1.66285 0.299059 0.188359 -0.06862 0.465567 0.059629 62.9746 0 0 0
30 1 -1.33013 5.8141 6.41415 7.51983 -0.042606 -0.178319 -0.0417765 0.489197 -0.0467408 33.7318 0 0 0
31 1 -5.0544 4.7611 4.37201 5.45072 -0.0487473 0.314689 0.0923813 0.572555 0.0433408 55.9821 0 0 0
32 1 -1.85387 -4.58409 1.32029 1.88243 -0.0649652 -0.707996 -0.0927063 0.509802 -0.103555 40.5584 0 0 0
33 1 0.9389 -5.58395 -0.1524 -0.0453823 -0.103377 0.398065 0.0929793 0.479787 0.0684819 28.9908 0 0 0
34 1 1.84363 -3.98802 -1.1783 -1.94809 0.177314 -0.0603943 -0.0474253 0.826787 0.0354136 47.6472 0 0 0
35 1 4.5081 -2.30716 3.69752 5.0436 0.187755 0.68842 -0.0378082 1.01795 0.0476424 30.8053 0 0 0
36 1 -0.48839 -6.56968 -5.25009 -6.69617 0.117884 -0.522804 0.00205576 0.355228 -0.0900328 35.3201 0 0 0
37 1 1.1146 1.688 -6.17348 -7.19911 0.0340869 -0.0958752 -0.129323 0.75386 0.0413069 26.1043 0 0 0
38 1 -5.52581 1.50214 -0.8278 -1.21356 -0.311505 -0.0135038 -0.00683067 0.518031 0.121733 64.3435 0 0 0
39 1 -3.12879 -3.30835 -3.2057 -4.96502 0.0495143 0.162556 0.0533462 0.504185 -0.025768 18.5173 0 0 0
40 1 -4.64539 -1.39793 6.68883 8.44515 -0.033807 -0.130818 -0.126846 0.625102 -0.0620384 33.7576 0 0 0
41 1 6.313 0.24703 -4.3254 -5.6054 -0.131529 0.667089 0.03821 0.758506 -0.0227982 36.1006 0 0 0
42 1 -0.94271 -5.82172 6.8363 8.76121 -0.00278103 -0.618998 0.061781 0.831388 -0.0142555 34.3178 0 0 0
43 1 4.1982 -5.11115 -6.36237 -7.84979 0.0684497 0.0731212 -0.0814395 0.594364 0.0266374 21.3907 0 0 0
44 1 2.30781 0.2249 1.67912 2.70057 0.137276 0.00331472 -0.073696 0.653895 0.0927855 60.3797 0 0 0
45 1 4.049 6.9262 -0.8669 -1.29829 -0.176344 -0.400316 -0.0745262 0.641325 0.0684971 59.3631 0 0 0
46 1 1.1503 5.8246 -1.9134 -2.1692 0.0278038 0.316898 0.0162868 0.549488 0.102604 42.6464 0 0 0
47 1 0.0028 -0.83934 2.32785 3.3486 0.110163 0.645781 -0.0650248 0.663746 -0.0192417 41.5371 0 0 0
48 1 -5.08867 3.9722 -0.5709 -1.52054 0.0277334 0.407884 0.00767597 0.578843 0.0477218 34.3878 0 0 0
49 1 -1.54951 1.07127 6.06016 7.06207 0.226374 -0.0307412 -0.00719719 0.644592 0.157266 49.0952 0 0 0
50 1 -4.01966 5.5928 -5.43533 -6.4275 -0.00981526 -0.171039 -0.0102123 0.81229 0.113326 41.3057 0 0 0
51 1 -2.58742 1.63336 4.31667 5.05167 0.4064 0.297818 -0.0972208 0.520671 -0.0929185 46.9549 0 0 0
52 1 3.859 2.55826 -5.17295 -6.34616 0.178124 0.0978857 -0.0399001 0.746221 -0.106517 24.5262 0 0 0
53 1 -5.09729 2.4475 -2.8118 -3.54072 -0.0326526 0.334272 0.000354544 0.694503 -0.0612867 45.9594 0 0 0
54 1 1.86101 3.3508 -4.81869 -5.96534 0.167846 0.334206 0.0373815 0.514232 -0.0577017 46.9719 0 0 0
55 1 -1.88706 3.2724 5.36612 6.78869 0.194416 -0.354336 -0.145588 0.627185 -0.162721 45.3964 0 0 0
56 1 -2.86308 5.0866 5.18849 6.72578 0.189728 -0.334428 -0.0605903 0.72021 0.0388429 42.9797 0 0 0
57 1 4.1354 5.3663 6.11568 7.93971 0.273347 -0.305204 0.0907885 0.740379 -0.086665 73.4704 0 0 0
58 1 6.5933 1.61102 0.0977589 -0.20418 -0.195936 -0.0613845 -0.0408687 0.649596 -0.0395763 57.4244 0 0 0
59 1 -0.79212 -5.31168 -3.635 -4.97325 0.339704 -0.384522 0.161171 0.647506 0.0390718 52.7266 0 0 0
60 1 -6.47879 -6.91432 -2.3654 -3.3004 0.152579 -0.65284 -0.0612547 0.471197 -0.021732 50.7694 0 0 0
61 1 -6.55494 -2.40461 6.58278 8.44845 -0.111023 -0.00610266 -0.0221463 0.67399 0.0511337 32.4236 0 0 0
62 1 1.17535 -2.00798 -1.3103 -1.39278 0.0441316 0.45164 -0.0957357 0.750845 -0.0285239 29.7679 0 0 0
63 1 -1.85962 4.0668 3.45323 4.54453 0.106951 -0.464222 -0.20484 0.751435 0.0347262 15.223 0 0 0
64 1 4.8375 1.25937 -2.6975 -3.58352 -0.00604314 0.120555 -0.0588877 0.549216 -0.000381773 30.1533 0 0 0
65 1 -2.45745 3.377 0.0129738 -0.0875105 -0.347435 -0.494175 -0.0483716 0.630426 -0.0458866 59.7685 0 0 0
66 1 1.4272 -2.28572 1.95193 2.73997 0.0655624 0.167059 -0.051598 0.882199 -0.0673994 22.2667 0 0 0
67 1 1.16069 6.6375 -6.48904 -7.70518 -0.138305 0.07865 0.017166 0.446738 -0.0463051 24.5689 0 0 0
68 1 4.3997 -1.47765 -3.5447 -4.23674 0.302235 0.333374 -0.0390434 0.688599 0.0447891 48.4127 0 0 0
69 1 -0.5028 3.5259 -2.1901 -2.30536 -0.024718 0.413564 0.0681105 0.848706 -0.0650194 16.7295 0 0 0
70 1 1.62696 -5.36748 6.26064 7.7495 0.0102476 0.217543 0.0103054 0.880005 0.0294994 22.9386 0 0 0
71 1 -3.33704 4.3526 -1.5988 -2.26307 0.0321248 -0.103737 0.0817599 0.751299 -0.00837258 66.2542 0 0 0
72 1 3.1049 5.9854 -6.0943 -7.62146 0.0459035 0.679225 0.0356907 0.618936 0.051625 28.3459 0 0 0
73 1 -5.58648 0.14457 2.53506 3.47905 -0.220764 0.194172 -0.0310339 0.739277 0.0144215 54.2763 0 0 0
74 1 -4.91973 -6.84988 -4.04494 -5.55104 0.0958323 -0.035311 -0.0841127 0.622864 0.144204 45.7271 0 0 0
75 1 -4.39958 -1.39899 -2.7892 -3.85731 0.200609 -0.636362 0.0340827 0.732757 -0.16759 56.9525 0 0 0
76 1 -6.761 3.6912 3.70749 5.01586 0.237539 0.373616 0.164867 0.497576 -0.0179226 46.4397 0 0 0
77 1 0.53604 -3.93326 -2.7986 -4.09536 -0.0347691 0.446178 0.0214399 0.623308 0.105201 49.4227 0 0 0
78 1 -6.87238 3.3848 1.52939 1.65973 0.126426 -0.196623 0.0258228 0.644138 0.0786214 32.4441 0 0 0
79 1 0.17375 -4.52722 1.84926 1.99431 -0.251859 0.464196 0.029534 0.312011 0.0467136 26.3875 0 0 0
80 1 6.638 -6.36649 5.67751 7.58644 0.195911 -0.265691 -0.0880793 0.757892 0.00912962 42.7198 0 0 0
81 1 -4.75207 0.25761 0.63089 0.843365 -0.122868 -0.329273 0.0159784 0.816453 -0.0806413 70.2971 0 0 0
82 1 -3.8854 4.2761 1.26571 1.50385 0.136496 -0.0111797 0.0515503 0.934074 -0.06008 42.1302 0 0 0
83 1 -3.09158 -3.66813 -6.38898 -7.80282 0.210026 0.351808 0.0619224 0.535577 0.0434739 55.6485 0 0 0
84 1 0.18625 5.1277 -0.0954 -0.0970398 -0.00818512 -0.34135 -0.139416 0.453582 -0.0286287 81.8021 0 0 0
85 1 -2.33925 -2.79519 2.2769 3.08866 -0.15725 -1.13384 -0.064777 0.953808 -0.0960277 32.4788 0 0 0
86 1 -3.21371 0.9866 1.81208 2.45459 -0.492231 -0.418905 0.0250019 0.628846 -0.133306 58.9995 0 0 0
87 1 0.59618 -0.8484 0.332091 0.411322 0.3225 0.326799 -0.108558 0.81166 -0.016328 39.0498 0 0 0
88 1 1.21758 -6.6696 4.69449 5.86869 0.140967 0.336388 -0.0133164 0.63685 0.0114878 32.8509 0 0 0
89 1 3.6822 -3.21815 -2.6633 -3.99558 0.347272 0.297547 0.0500379 0.63143 -0.0737632 49.0932 0 0 0
90 1 -3.6591 3.7935 -4.35357 -4.92017 -0.0304144 -0.548179 0.0440849 0.717431 -0.134996 33.252 0 0 0
91 1 2.03326 -0.63922 6.39804 8.51801 -0.0500646 -0.227046 -0.00356465 0.895795 -0.10293 29.4046 0 0 0
92 1 5.8312 2.85628 -4.08243 -4.87621 0.021734 -0.0228914 -0.0121082 0.654715 -0.0637049 22.3914 0 0 0
93 1 -1.14756 -0.39563 -6.43322 -7.44516 0.342348 -0.109341 0.0352769 0.673852 0.036781 35.7933 0 0 0
94 1 -5.46652 -6.1377 4.67602 6.67759 -0.0221154 -0.448376 -0.106028 0.604712 0.011138 58.3505 0 0 0
95 1 -5.23286 5.8625 1.07398 1.52165 -0.132463 0.610284 -0.129388 0.438068 0.0378005 37.4274 0 0 0
96 1 6.4353 -6.24717 -0.7114 -1.54248 0.199432 -0.361308 0.098247 0.8178 -0.0669143 45.7543 0 0 0
97 1 2.82612 1.81771 3.1936 3.70151 0.596298 -0.11071 -0.0346331 0.676697 0.016739 39.7632 0 0 0
98 1 2.02003 0.83855 -0.4985 -0.542658 -0.0494864 0.0277531 -0.0960159 0.542946 -0.0616069 27.6817 0 0 0
99 1 3.00172 -5.69408 0.449791 0.300596 -0.323609 -0.366902 -0.0484636 0.835483 -0.0443341 40.0555 0 0 0
100 1 -6.76146 5.9917 4.40028 5.68292 -0.0625373 0.196904 -0.135826 0.944053 -0.00777553 18.7938 0 0 0
101 1 -1.74682 -3.78071 -4.82767 -6.70616 0.0438181 0.140408 0.13371 0.50474 0.0379459 65.3308 0 0 0
102 1 -3.80329 -3.71857 1.12213 1.46367 0.0553721 -0.0782646 -0.101087 0.640508 0.00139192 35.7846 0 0 0
103 1 -4.57706 -4.8447 -3.719 -5.16239 0.332251 -0.642816 -0.0755237 0.622361 0.0195926 60.9573 0 0 0
104 1 -4.02864 0.2844 -1.5898 -1.74713 -0.225575 -0.231899 0.0926697 0.753874 -0.00206612 38.1037 0 0 0
105 1 -1.84887 -5.9917 -1.9334 -2.07482 -0.403467 0.0566863 0.0963529 1.02766 0.0341147 35.0662 0 0 0
106 1 4.2033 -4.11544 -4.48813 -5.61041 -0.0412911 0.317489 -0.00112827 0.663286 0.0205628 45.2437 0 0 0
107 1 -2.26042 -4.44595 5.82926 7.84231 0.260059 0.00612816 0.0341956 0.611049 -0.0336597 51.9616 0 0 0
108 1 1.37885 3.6299 -1.1611 -1.34232 -0.32425 0.219445 0.00994757 0.582309 0.0592126 54.474 0 0 0
109 1 5.1155 3.8246 3.42882 4.78626 0.272656 -0.590857 -0.0902632 0.742677 0.229361 52.0638 0 0 0
110 1 -6.79324 -6.00926 -4.96045 -6.86222 0.0242327 -0.0623105 0.0685926 0.500317 -0.0619259 72.7584 0 0 0
111 1 6.2304 4.3292 -6.28275 -8.25154 0.102293 1.01227 -0.269426 0.719161 -0.218163 23.9109 0 0 0
112 1 1.2475 1.59425 -3.2168 -4.55778 0.281201 0.362926 0.00616076 0.51078 0.0430993 40.2794 0 0 0
113 1 0.12386 0.69393 4.82194 5.7032 0.0539445 -0.0987199 0.00293363 0.5372 -0.0657577 40.3157 0 0 0
114 1 6.6498 1.38443 2.19828 3.06788 0.0848691 -0.384976 -0.0980888 0.785137 0.0565173 35.6347 0 0 0
115 1 -3.49667 0.39193 6.72928 8.14356 -0.0666346 -0.667849 -0.00587323 0.614545 0.00473006 38.526 0 0 0
116 1 1.13625 3.7443 3.27167 4.01395 0.383108 0.0432739 0.0990049 0.91123 0.0369799 23.0884 0 0 0
117 1 4.8715 -0.90747 -5.51216 -6.89559 0.0327356 0.230483 -0.0230954 0.736283 0.0504527 65.4723 0 0 0
118 1 -3.10029 -5.49258 2.70962 3.45172 -0.248134 -0.143974 0.0318933 0.891597 -0.0627871 63.424 0 0 0
119 1 3.2326 -4.3145 5.37427 6.68366 -0.0208379 -0.483332 -0.037913 0.428384 -0.0405354 35.7871 0 0 0
120 1 1.94042 -3.97225 0.881184 1.18262 -0.088038 -0.14291 -0.0202429 0.95945 -0.0838685 23.6289 0 0 0
121 1 -6.6107 -4.3836 -3.7026 -4.80596 -0.0646969 0.225202 -0.00445234 0.692323 -0.00688022 49.6171 0 0 0
122 1 -5.12356 -3.65173 5.2787 6.56285 -0.0993321 -0.295883 0.0388198 0.426515 -0.0728267 44.9956 0 0 0
123 1 -5.68497 -5.03444 -1.9666 -2.76026 0.0337023 -0.205362 0.201345 0.891053 -0.0562642 55.4811 0 0 0
124 1 -3.68452 2.31194 -1.2821 -1.82629 0.0751465 -0.148062 0.11123 0.735662 0.0108687 50.5925 0 0 0
125 1 0.93308 4.5497 -6.35314 -7.55185 -0.217504 -0.184803 -0.124211 0.651914 -0.0343121 38.6198 0 0 0
126 1 5.7067 -3.09498 -5.77822 -7.108 0.26315 0.267769 0.020739 0.672376 0.000681466 27.9 0 0 0
127 1 -1.78573 2.56167 1.83791 2.59661 -0.153882 -0.080842 -0.0222499 0.741686 0.103382 55.4234 0 0 0
128 1 3.0853 3.9541 -6.47628 -7.72589 0.0608758 0.341336 -0.0171956 0.855566 0.0496467 37.2556 0 0 0
129 1 3.8173 -4.57174 -1.0801 -1.78582 0.220115 -0.248262 0.118179 0.515849 0.0514676 60.0959 0 0 0
130 1 6.3588 6.2134 -3.97527 -5.0209 0.0266587 -0.33102 0.0129334 0.695032 0.0563187 70.5352 0 0 0
131 1 -0.73649 2.3282 3.62626 4.71796 0.249195 0.00138561 -0.0934024 0.490634 -0.0891587 80.1869 0 0 0
132 1 1.3684 6.0863 -3.99604 -4.39883 -0.0348901 0.385714 -0.00123221 0.763791 0.0966914 9.70397 0 0 0
133 1 -1.01001 6.1159 -1.4525 -1.44972 -0.552873 -0.953594 -0.0396919 0.669945 -0.0406542 90.6114 0 0 0
134 1 1.41132 5.9188 3.14856 3.38055 0.105111 0.422817 -0.0893692 0.84456 -0.0563049 88.7429 0 0 0
135 1 -6.18241 5.4224 -5.31914 -6.43938 -0.337484 -0.0933253 -0.0239045 0.652048 -0.0217534 52.6411 0 0 0
136 1 -1.55896 0.37638 3.0387 3.85107 0.133335 0.0465959 -0.108408 0.421953 0.0550659 43.4521 0 0 0
137 1 -5.1676 -6.61947 -6.07871 -7.59215 -0.163397 0.342274 -0.0733985 0.621869 0.0630283 82.068 0 0 0
138 1 0.57667 5.5482 5.59623 7.20213 -0.172291 0.282842 0.0876326 0.58651 0.0489249 27.4377 0 0 0
139 1 4.4107 -1.95115 -1.1932 -1.76615 -0.188923 0.254794 -0.0531238 0.717843 -0.0982535 51.545 0 0 0
140 1 -0.85969 5.302 -5.56753 -7.02692 0.0611566 -0.506524 -0.20053 0.777221 0.100368 36.1882 0 0 0
141 1 6.7142 -0.72721 1.5623 2.41203 -0.0224204 0.255609 -0.00460512 0.539795 -0.245277 38.7947 0 0 0
142 1 -5.89722 -5.02272 0.0836214 -0.288502 -0.4212 -0.155755 -0.0374915 0.625586 0.0126409 58.7877 0 0 0
143 1 3.4351 -6.56596 5.91202 7.83776 0.0675647 0.145811 -0.0274731 0.585875 0.0325043 16.6318 0 0 0
144 1 -6.43522 5.8206 6.46207 8.4228 -0.0355307 -0.146512 -0.152668 0.646529 -0.0908275 36.1309 0 0 0
145 1 6.0767 -1.17433 -2.204 -2.49545 -0.0595363 0.412805 0.0987274 0.548212 -0.0334282 75.2641 0 0 0
146 1 6.2483 -4.87814 -6.79582 -8.19121 0.190616 -0.104074 0.0581645 0.675769 -0.0327788 33.0669 0 0 0
147 1.4 -5.35306 0.70468 4.99524 6.53053 -0.128536 -0.136534 -0.0187646 0.609901 0.0267514 165.995 0 0 0
148 1.4 -5.34577 4.9216 -2.933 -3.5362 0.0363625 0.155679 -0.0918754 0.52099 0.139084 143.41 0 0 0
149 1.4 0.96092 -3.47597 4.58845 6.21166 -0.0370956 -0.116939 -0.0472679 0.613094 0.0417628 135.48 0 0 0
150 1.4 5.8834 1.70603 4.6855 6.47246 0.0341423 -0.295098 0.0716324 0.536911 -0.0272882 186.126 0 0 0
151 1.4 6.1487 -3.74058 -0.8254 -1.10108 -0.155298 0.0306602 0.0180624 0.655443 -0.0729352 160.741 0 0 0
152 1.4 5.7837 5.6396 0.480125 -0.0761053 0.0572624 -0.353489 0.0222833 0.636478 0.0909778 129.731 0 0 0
153 1.4 4.9506 -1.69448 6.06642 8.04024 0.117149 0.493428 0.0157645 0.630968 -0.122607 132.108 0 0 0
154 1.4 0.58579 3.04 5.59004 6.65337 -0.189141 -0.0150383 0.121524 0.607185 -0.0951455 100.738 0 0 0
155 1.4 2.42551 -5.3754 2.86292 3.61249 -0.0506638 -0.456821 -0.0942384 0.971725 -0.0585076 78.84 0 0 0
156 1.4 -0.48303 0.92309 -1.1561 -1.45677 0.0224405 0.313154 -0.0174688 0.558558 -0.0273622 107.701 0 0 0
157 1.4 -2.99989 6.3078 0.102811 0.77846 -0.0972616 0.0230362 0.026884 0.669221 -0.0836979 132.173 0 0 0
158 1.4 1.98582 -0.8544 3.9109 4.7443 0.0931582 -0.145681 0.056672 0.635045 0.109924 96.7869 0 0 0
159 1.4 -2.38913 5.7221 -3.4754 -4.38435 0.192129 -0.430224 0.0978218 0.736525 0.0516176 143.215 0 0 0
160 1.4 -3.44746 6.0275 2.97299 3.77837 0.00953063 0.0404417 0.0347011 0.823955 0.0347744 129.541 0 0 0
161 1.4 2.93942 0.28899 -4.53473 -5.94778 -0.0926693 0.615424 -0.0616901 0.628128 0.0599701 167.927 0 0 0
162 1.4 -4.45629 2.70869 3.0927 4.23187 -0.0186781 0.0236326 -0.0273752 0.625093 0.0482802 113.925 0 0 0
163 1.4 1.6393 -5.21651 -5.16867 -6.4527 -0.224048 0.452732 0.0341883 0.615456 0.114252 111.196 0 0 0
164 1.4 -5.9008 -1.45493 -0.7398 -1.10031 0.0678037 -0.0769739 0.108421 0.695768 0.016922 135.358 0 0 0
165 1.4 -6.43611 -1.96954 -4.20828 -5.2835 0.0116727 -0.00711967 0.0595917 0.720052 0.0206853 109.104 0 0 0
166 1.4 5.4757 6.7107 -6.26416 -7.78115 0.000834164 -0.0233538 -0.017036 0.589226 -0.0172788 220.376 0 0 0
167 1.4 3.8157 4.4047 -1.2427 -1.61465 -0.308301 0.0843526 -0.0204458 0.631845 -0.0116 195.741 0 0 0
168 1.4 -1.21957 -6.11319 4.32194 5.84714 0.224629 -0.666093 -0.0213867 0.665738 -0.119672 156.706 0 0 0
169 1.4 -5.48735 -4.12744 -5.93128 -7.4435 -0.0749246 -0.423953 -0.0550571 0.587975 0.0169617 109.638 0 0 0
170 1.4 4.5723 0.06078 2.70481 3.4005 0.472927 0.181047 -0.0682911 0.595955 -0.0833422 142.151 0 0 0
171 1.4 -0.13049 -2.00519 -4.23554 -5.98398 -0.192671 0.192813 0.004585 0.49938 -0.114638 108.093 0 0 0
172 1.4 -2.85368 1.55454 -3.5172 -4.76691 -0.0600288 -0.683632 0.0115386 0.599755 0.00150644 175.664 0 0 0
173 1.4 2.41252 -6.03609 -2.5044 -3.24118 0.119013 0.26608 -0.0056668 0.681667 0.0408905 143.791 0 0 0
174 1.4 4.6996 2.90684 1.10505 1.14196 0.0866856 0.0731709 -0.0727948 0.615387 0.0222878 111.543 0 0 0
175 1.4 4.2294 4.9192 -4.07067 -4.82689 0.0110129 -0.166403 0.116404 0.743288 0.0753262 99.8356 0 0 0
176 1.4 4.5837 -2.41878 1.22803 1.01406 0.373001 0.440765 -0.156448 0.81234 -0.149005 85.9021 0 0 0
177 1.4 -2.86157 -1.58447 -5.07494 -6.61177 0.212844 0.0713299 -0.10093 0.382554 -0.0388645 117.412 0 0 0
178 1.4 -1.13185 -1.47472 4.78823 5.84375 -0.108381 0.145983 -0.0299931 0.506417 0.153278 92.7971 0 0 0
179 1.4 -3.46763 -6.64023 6.06763 7.58376 0.173079 -0.118226 0.0539191 0.650759 -0.0554631 187.384 0 0 0
180 1.4 -0.52 -3.1715 -6.91755 -8.92354 0.118395 0.072736 0.0444454 0.658188 -0.00551368 189.968 0 0 0
181 1.4 -4.67143 2.02133 -5.74562 -7.45973 0.316292 0.153896 0.108774 0.871017 0.00740697 159.929 0 0 0
182 1.4 -0.67347 6.3975 1.88971 2.49059 -0.0469848 -0.471556 -0.139131 0.588622 -0.0790465 189.492 0 0 0
183 1.4 -0.58704 2.979 -4.75423 -5.79004 0.26401 0.169886 0.0258986 0.432871 0.0568425 77.0318 0 0 0
184 1.4 -3.78543 -1.2977 3.6336 5.18136 -0.248541 -0.0593023 -0.0539119 0.562933 0.0165477 129.969 0 0 0
185 1.4 5.6669 -4.23078 4.84376 6.41281 -0.0256874 0.246793 -0.0183578 0.571858 0.0401983 74.6231 0 0 0
186 1.4 2.37309 5.8918 0.772873 0.456471 -0.17812 0.291783 -0.00992292 0.534632 -0.0620762 163.047 0 0 0
187 1.4 6.4866 3.3581 -1.702 -2.24566 -0.325474 -0.0696739 -0.0530815 0.477262 0.0172661 113.569 0 0 0
188 1.4 2.53191 -2.89504 -6.64926 -8.76292 -0.00411647 -0.0148428 0.020032 0.638142 0.0546331 90.6709 0 0 0
189 1.4 -6.74798 -1.80024 4.18313 5.84224 -0.0695828 -0.0365036 0.0744785 0.749338 -0.0709435 111.798 0 0 0
190 1.4 4.1517 0.9619 6.88964 8.79795 0.0614893 0.204027 -0.0924888 0.672008 0.0784488 144.361 0 0 0
191 1.4 5.3013 -5.69937 -2.8523 -3.70256 0.00981458 -0.0277156 0.0417495 0.613339 -0.00208621 178.424 0 0 0
192 1.4 1.78896 2.72574 1.1143 1.30241 -0.000668358 -0.0665627 -0.0848691 0.724204 0.109186 103.844 0 0 0
193 1.4 6.8898 0.09462 -6.72642 -8.61795 -0.0702418 0.273034 0.011767 0.578734 0.051936 211.228 0 0 0
194 1.4 4.4853 0.34857 -0.2251 -0.31394 0.0281672 0.0375862 0.00794442 0.684402 -0.0490123 78.1356 0 0 0
195 1.4 -6.12653 3.3164 6.07199 7.4851 -0.427544 0.327836 0.0769546 0.678579 0.00995153 165.901 0 0 0
196 1.4 -2.88815 -5.949 -5.15374 -6.46883 -0.0438895 -0.539602 0.0209175 0.54859 0.0546883 146.748 0 0 0
197 1.4 3.455 3.193 5.15164 6.55076 -0.0702983 0.118205 -0.0272563 0.67018 -0.0478253 101.492 0 0 0
198 1.4 -6.67719 -6.515 2.30661 2.1385 -0.00528745 0.24358 -0.0108192 0.759983 -0.0836795 112.328 0 0 0
199 1.4 -6.36886 -3.0913 1.59561 1.42924 -0.361738 -0.348286 -0.0252033 0.924217 -0.0740956 98.6843 0 0 0
# 0.003 0.0418878 1.26644 5 0.00236776 
0 1 -0.394409 3.1507 -0.0696735 -0.00068912 -0.126584 0.390775 -0.0427578 0.440427 -0.0129776 50.5251 0 0 0
1 1 5.52541 -5.26884 1.08018 1.18773 -0.152546 0.759641 -0.0688064 0.815659 0.063283 13.8281 0 0 0
2 1 -2.94246 -4.89004 -0.449776 -0.210391 -0.0588287 0.0947001 -0.198537 0.704221 -0.0416316 29.096 0 0 0
3 1 -3.68011 -1.56097 0.989261 1.06048 -0.206632 -0.257065 -0.0514541 0.868538 0.0562224 26.0772 0 0 0
4 1 -3.31584 -2.69289 5.68093 7.03847 -0.299367 -0.107797 -0.0626927 0.558927 0.124012 36.2559 0 0 0
5 1 2.53286 5.661 4.8746 6.64797 0.249231 -0.275437 -0.0277825 0.666197 0.085027 74.8234 0 0 0
6 1 0.95423 -0.453997 -2.65003 -3.30629 -0.618495 -0.094126 -0.0544242 0.655296 0.0291988 62.2543 0 0 0
7 1 -0.866042 0.353673 -4.43813 -5.50297 -0.0800421 -0.251227 -0.0779268 0.395791 -0.130585 26.8273 0 0 0
8 1 -4.46424 5.11562 6.56682 8.01912 -0.115145 0.202251 -0.0147615 0.607408 0.0448259 36.2695 0 0 0
9 1 -2.62509 -0.0209671 0.0053692 -0.181832 -0.252778 -0.709555 0.119212 0.574623 0.00852641 41.5094 0 0 0
10 1 2.92669 -0.75285 -2.11858 -2.74994 0.0266178 0.432779 -0.0420253 0.577766 0.128805 58.2202 0 0 0
11 1 0.835696 -0.409558 -5.85403 -7.06732 0.189761 0.282152 0.0851163 0.390295 -0.0379885 55.6575 0 0 0
12 1 -4.55696 -3.61111 -0.838683 -0.834199 -0.238173 0.00798172 -0.0584101 0.528457 -0.00983935 30.5748 0 0 0
13 1 3.24913 2.61954 -2.93037 -3.7871 -0.123316 0.22494 -0.0376309 0.632226 -0.156399 18.3926 0 0 0
14 1 5.67367 -3.27644 -3.20853 -4.4032 -0.0215215 0.372335 0.0585548 0.531162 -0.0185449 55.8173 0 0 0
15 1 -5.64121 0.660175 -3.77994 -4.88893 -0.00365209 0.0678941 0.197649 0.761242 -0.0462111 46.362 0 0 0
16 1 5.84763 5.79969 -2.00256 -2.64625 -0.17398 -0.274828 0.0262809 0.719582 0.121118 36.3922 0 0 0
17 1 4.07084 5.37706 2.51503 2.04322 -0.268779 -0.0878727 -0.0220744 0.710629 0.295954 45.0039 0 0 0
18 1 -6.11071 -4.49191 3.625 5.214 -0.176036 -0.386362 -0.0768694 1.00891 -0.0178123 47.5083 0 0 0
19 1 6.95492 0.838691 -2.2355 -3.15917 -0.110674 0.592738 -0.0279242 0.673604 -0.0447488 47.0317 0 0 0
20 1 -5.01633 -0.41047 -5.47889 -7.04769 0.300569 -0.45248 -0.0156955 0.648409 0.0682326 74.1484 0 0 0
21 1 2.58896 -1.44136 0.113928 0.118559 -0.144851 0.187163 -0.0859078 0.472018 -0.0235407 62.6063 0 0 0
22 1 0.81572 1.13351 2.80625 3.62302 -0.0767731 0.28437 -0.062299 0.537753 0.11592 44.444 0 0 0
23 1 -3.45195 -3.97408 4.05552 5.89746 -0.130465 -0.0235663 -0.0773667 0.718081 -0.0575231 33.2924 0 0 0
24 1 2.05926 4.31534 -2.99469 -3.41626 -0.11458 0.422001 -0.0179332 0.721242 -0.090876 88.22 0 0 0
25 1 -1.07996 -6.02116 -0.0090935 0.279212 -0.325242 -0.548299 -0.013915 0.577007 0.0357303 34.3303 0 0 0
26 1 3.75692 -6.38812 -4.68312 -5.90347 0.264564 0.548692 -0.0853816 0.70045 -0.0248398 86.7552 0 0 0
27 1 2.17959 -2.89016 -4.13345 -5.55433 -0.0419045 0.321209 -0.116016 0.568276 0.0754598 37.9666 0 0 0
28 1 -3.14578 3.55225 6.95981 8.68097 0.657735 0.136665 -0.0945032 0.623459 0.177837 40.4402 0 0 0
29 1 -4.46115 -6.01508 1.24981 1.66222 0.295822 0.189419 -0.0683628 0.465147 0.057972 62.2741 0 0 0
30 1 -1.31233 5.814 6.41373 7.51672 -0.0415396 -0.1762 -0.0424997 0.486625 -0.0476149 33.7292 0 0 0
31 1 -5.0415 4.76099 4.37276 5.4444 -0.0479852 0.315787 0.0931985 0.572582 0.0440933 56.4693 0 0 0
32 1 -1.84941 -4.58425 1.31861 1.88181 -0.0663834 -0.711427 -0.0930168 0.511877 -0.104404 40.6081 0 0 0
33 1 0.938787 -5.5842 -0.151454 -0.0459252 -0.103703 0.401167 0.0943804 0.479557 0.0686184 29.1003 0 0 0
34 1 1.83901 -3.9876 -1.17843 -1.94811 0.178796 -0.0495335 -0.0466385 0.82632 0.035753 47.4341 0 0 0
35 1 4.52004 -2.30671 3.69914 5.04275 0.189695 0.683944 -0.0380186 1.01574 0.0470995 30.8445 0 0 0
36 1 -0.504244 -6.56941 -5.25133 -6.69091 0.117205 -0.523152 0.00212636 0.352148 -0.0903112 35.3632 0 0 0
37 1 1.09756 1.68808 -6.17371 -7.19362 0.0327017 -0.0994029 -0.129093 0.752234 0.0399926 26.0808 0 0 0
38 1 -5.52868 1.5014 -0.827836 -1.20709 -0.311081 -0.0170472 -0.00742872 0.516856 0.121 64.702 0 0 0
39 1 -3.14055 -3.30823 -3.20531 -4.96526 0.051495 0.167283 0.051352 0.503189 -0.0269507 18.6474 0 0 0
40 1 -4.62541 -1.39801 6.68852 8.43442 -0.0312703 -0.132982 -0.126565 0.624998 -0.0637044 33.7084 0 0 0
41 1 6.29973 0.246716 -4.32382 -5.60178 -0.133336 0.667803 0.0374786 0.759875 -0.0223392 36.0675 0 0 0
42 1 -0.921965 -5.82173 6.83483 8.76187 -0.00170951 -0.623138 0.0624328 0.828388 -0.0134148 34.3745 0 0 0
43 1 4.17961 -5.11099 -6.3622 -7.84525 0.0687663 0.0745307 -0.0810594 0.59298 0.0276843 21.4264 0 0 0
44 1 2.3142 0.225223 1.67912 2.696 0.135329 -0.000463013 -0.0733686 0.655224 0.0925672 60.4134 0 0 0
45 1 4.04592 6.92578 -0.867848 -1.29746 -0.179798 -0.400427 -0.0737428 0.641667 0.068202 59.3782 0 0 0
46 1 1.14516 5.82467 -1.91266 -2.16737 0.0277017 0.311847 0.0173691 0.551054 0.1019 42.9122 0 0 0
47 1 0.0107288 -0.83908 2.32938 3.34867 0.109052 0.644159 -0.0652428 0.665071 -0.0191923 41.5505 0 0 0
48 1 -5.09227 3.97227 -0.569938 -1.51898 0.0276331 0.404798 0.00757217 0.576917 0.0484839 34.2753 0 0 0
49 1 -1.53279 1.07181 6.0601 7.05786 0.228988 -0.0226461 -0.00709965 0.640411 0.156249 49.3314 0 0 0
50 1 -4.03488 5.59278 -5.43574 -6.42641 -0.0112425 -0.177613 -0.0092804 0.811305 0.113728 41.0149 0 0 0
51 1 -2.57546 1.63432 4.31738 5.05061 0.407943 0.29991 -0.0977521 0.518718 -0.0939484 46.8606 0 0 0
52 1 3.84397 2.55868 -5.17272 -6.34263 0.175876 0.0966699 -0.0409843 0.746252 -0.108045 24.4323 0 0 0
53 1 -5.10568 2.44742 -2.81101 -3.54264 -0.0309918 0.330269 -0.000147916 0.69392 -0.0604164 46.0452 0 0 0
54 1 1.84689 3.35119 -4.8179 -5.96135 0.16482 0.332846 0.0370338 0.511596 -0.0580284 46.9096 0 0 0
55 1 -1.87099 3.27286 5.36528 6.78854 0.195805 -0.35889 -0.147785 0.627191 -0.163318 45.7337 0 0 0
56 1 -2.84716 5.08705 5.18769 6.72314 0.189891 -0.340135 -0.0606823 0.720495 0.0382685 43.0034 0 0 0
57 1 4.1542 5.36694 6.11496 7.9419 0.263417 -0.302769 0.0899955 0.740715 -0.0862183 71.8662 0 0 0
58 1 6.59281 1.61055 0.097619 -0.208326 -0.196918 -0.056805 -0.0423744 0.648955 -0.0399528 57.9465 0 0 0
59 1 -0.803897 -5.31088 -3.63591 -4.97019 0.3367 -0.386126 0.160994 0.648331 0.0402448 52.6094 0 0 0
60 1 -6.48661 -6.91396 -2.36694 -3.30057 0.151931 -0.648647 -0.0603872 0.471844 -0.0211973 50.9957 0 0 0
61 1 -6.53495 -2.40487 6.58276 8.43998 -0.108404 -0.010613 -0.0223166 0.672277 0.0513277 32.4792 0 0 0
62 1 1.17204 -2.00788 -1.30923 -1.3979 0.044371 0.448219 -0.0960114 0.749658 -0.0281826 29.661 0 0 0
63 1 -1.84886 4.06705 3.45213 4.54288 0.105485 -0.465809 -0.20528 0.751662 0.0334379 15.255 0 0 0
64 1 4.82901 1.25936 -2.69721 -3.58282 -0.00614825 0.125335 -0.0599111 0.549294 -0.000608689 30.0764 0 0 0
65 1 -2.45766 3.37618 0.0118034 -0.0869767 -0.344913 -0.494425 -0.0488523 0.626744 -0.047416 59.2398 0 0 0
66 1 1.43369 -2.28557 1.95233 2.74093 0.0633538 0.168384 -0.0517093 0.882106 -0.0666766 22.3713 0 0 0
67 1 1.14245 6.63717 -6.48886 -7.69527 -0.139456 0.0744638 0.0173798 0.445709 -0.0454679 24.6169 0 0 0
68 1 4.38966 -1.47694 -3.54391 -4.23665 0.295971 0.331453 -0.0411521 0.690397 0.0444213 48.1541 0 0 0
69 1 -0.508263 3.52584 -2.18912 -2.3053 -0.0269477 0.41137 0.0679361 0.847105 -0.0652446 16.6954 0 0 0
70 1 1.6453 -5.36746 6.26116 7.74395 0.00815622 0.218982 0.0102116 0.877677 0.0304133 23.0261 0 0 0
71 1 -3.34239 4.35268 -1.59905 -2.25587 0.0341972 -0.104669 0.0816468 0.749824 -0.006975 65.6122 0 0 0
72 1 3.08686 5.98551 -6.0927 -7.61133 0.0432856 0.676344 0.0357541 0.616446 0.0521489 28.3049 0 0 0
73 1 -5.57824 0.144054 2.53552 3.47802 -0.215068 0.194405 -0.0304399 0.741363 0.0152054 54.0409 0 0 0
74 1 -4.93287 -6.84965 -4.04502 -5.54707 0.0957317 -0.0352983 -0.08324 0.62535 0.143366 45.8672 0 0 0
75 1 -4.40871 -1.39851 -2.7907 -3.85259 0.202218 -0.634071 0.0343861 0.733382 -0.167444 57.2427 0 0 0
76 1 -6.74912 3.69177 3.70837 5.01304 0.240616 0.368674 0.165302 0.494586 -0.0165862 46.4492 0 0 0
77 1 0.52634 -3.93334 -2.79754 -4.09374 -0.034393 0.444964 0.0203933 0.620683 0.104855 49.034 0 0 0
78 1 -6.86845 3.3851 1.52892 1.6576 0.127725 -0.196934 0.0257865 0.644178 0.0788377 32.2535 0 0 0
79 1 0.17847 -4.52782 1.85036 1.99263 -0.252491 0.465113 0.0297949 0.312142 0.0463647 26.3534 0 0 0
80 1 6.65596 -6.36602 5.67688 7.58166 0.199968 -0.269112 -0.0876258 0.759613 0.00907404 42.9104 0 0 0
81 1 -4.75008 0.257319 0.630109 0.83751 -0.12258 -0.33046 0.0132219 0.814721 -0.0805363 69.7121 0 0 0
82 1 -3.88184 4.27643 1.26568 1.50251 0.13921 -0.0100072 0.0503818 0.933797 -0.0582311 42.2055 0 0 0
83 1 -3.11005 -3.66763 -6.38815 -7.79805 0.209684 0.349601 0.0632213 0.532956 0.0431358 55.6937 0 0 0
84 1 0.186016 5.12767 -0.0962028 -0.0969217 -0.0189904 -0.336794 -0.1385 0.455507 -0.0305273 81.4266 0 0 0
85 1 -2.33193 -2.79556 2.27421 3.09187 -0.15879 -1.13472 -0.0645501 0.955175 -0.0966882 32.5835 0 0 0
86 1 -3.2079 0.985439 1.81109 2.45567 -0.488101 -0.413987 0.023731 0.630434 -0.13413 58.3655 0 0 0
87 1 0.597151 -0.847638 0.332865 0.409224 0.321076 0.327098 -0.107805 0.812395 -0.0167135 38.9714 0 0 0
88 1 1.23148 -6.66927 4.69529 5.87164 0.139328 0.336881 -0.0132341 0.636385 0.0101087 32.7444 0 0 0
89 1 3.67274 -3.21733 -2.66259 -3.99336 0.345504 0.302351 0.0492627 0.629833 -0.0735719 48.9808 0 0 0
90 1 -3.67075 3.79342 -4.35487 -4.91774 -0.033022 -0.552881 0.0421793 0.71674 -0.134688 33.2522 0 0 0
91 1 2.05342 -0.639343 6.39749 8.51247 -0.0534415 -0.236259 -0.0044758 0.895028 -0.103177 29.4607 0 0 0
92 1 5.81966 2.85633 -4.08248 -4.87077 0.0199807 -0.0204749 -0.0125033 0.652576 -0.0635769 22.3134 0 0 0
93 1 -1.16519 -0.394818 -6.43348 -7.44173 0.343236 -0.112028 0.0364212 0.673784 0.0361026 35.7547 0 0 0
94 1 -5.45071 -6.13775 4.67495 6.67395 -0.01913 -0.455561 -0.105959 0.603456 0.0104193 57.9967 0 0 0
95 1 -5.22927 5.86218 1.07542 1.51468 -0.133925 0.609508 -0.129923 0.438959 0.0377655 37.4966 0 0 0
96 1 6.43164 -6.2467 -0.712246 -1.54519 0.200328 -0.353222 0.097445 0.817715 -0.066286 45.7961 0 0 0
97 1 2.83488 1.81912 3.19334 3.69946 0.593026 -0.109138 -0.033476 0.674609 0.0167063 39.6843 0 0 0
98 1 2.01874 0.838434 -0.498431 -0.541404 -0.0484278 0.0309157 -0.0955029 0.542881 -0.0622053 27.5668 0 0 0
99 1 3.00243 -5.69485 0.448922 0.298699 -0.325101 -0.366899 -0.0472553 0.838293 -0.0441792 40.2489 0 0 0
100 1 -6.74801 5.99156 4.40074 5.67881 -0.0598657 0.195162 -0.13595 0.944042 -0.00879312 18.8074 0 0 0
101 1 -1.7627 -3.78061 -4.82733 -6.70361 0.0401687 0.147984 0.13406 0.50436 0.0380543 65.662 0 0 0
102 1 -3.79983 -3.71844 1.12195 1.46275 0.0554759 -0.0742078 -0.100396 0.640334 0.00100814 35.6837 0 0 0
103 1 -4.58929 -4.84391 -3.72052 -5.15989 0.33463 -0.642476 -0.0750509 0.622776 0.0197216 61.3516 0 0 0
104 1 -4.03278 0.283862 -1.59035 -1.74406 -0.228692 -0.231672 0.0918467 0.752742 -0.00225061 38.1931 0 0 0
105 1 -1.85379 -5.99266 -1.93327 -2.07475 -0.403019 0.0551233 0.0962163 1.02794 0.0352159 35.1832 0 0 0
106 1 4.19001 -4.11554 -4.48738 -5.60924 -0.0430213 0.318048 -0.000864217 0.662412 0.0201029 45.0554 0 0 0
107 1 -2.24185 -4.44534 5.82927 7.8402 0.25916 0.00312323 0.0345944 0.610307 -0.0318562 51.7137 0 0 0
108 1 1.37567 3.62913 -1.16058 -1.33962 -0.32931 0.221683 0.00838678 0.583882 0.0597179 54.7501 0 0 0
109 1 5.12683 3.82524 3.42741 4.78409 0.270571 -0.596585 -0.0881678 0.743725 0.227477 51.9489 0 0 0
110 1 -6.80949 -6.0092 -4.96059 -6.86222 0.0329524 -0.0523436 0.0672233 0.500111 -0.0621721 73.0338 0 0 0
111 1 6.21086 4.32944 -6.28035 -8.24732 0.10462 1.01332 -0.270064 0.720223 -0.219773 23.8719 0 0 0
112 1 1.2367 1.59492 -3.21593 -4.55865 0.287396 0.368597 0.00393569 0.511552 0.0417008 40.546 0 0 0
113 1 0.137366 0.694059 4.82171 5.70516 0.0546709 -0.0940173 0.00255047 0.538332 -0.0657434 40.6038 0 0 0
114 1 6.65706 1.38463 2.19736 3.06651 0.0860768 -0.388509 -0.0972029 0.786883 0.0569932 35.5659 0 0 0
115 1 -3.4774 0.391773 6.7277 8.13431 -0.0661474 -0.663727 -0.00426231 0.611869 0.00431984 38.633 0 0 0
116 1 1.14575 3.74521 3.27178 4.01256 0.381903 0.0462386 0.0987996 0.913379 0.0369513 22.9114 0 0 0
117 1 4.85516 -0.907406 -5.51162 -6.89846 0.0217164 0.229757 -0.0220577 0.736711 0.0501654 65.9923 0 0 0
118 1 -3.09212 -5.49316 2.70928 3.45174 -0.24395 -0.141326 0.031058 0.892479 -0.0624645 62.802 0 0 0
119 1 3.24842 -4.31455 5.37313 6.67846 -0.0208903 -0.481555 -0.0378439 0.426168 -0.0399562 35.8171 0 0 0
120 1 1.94322 -3.97246 0.880848 1.18319 -0.089181 -0.14052 -0.0194871 0.959256 -0.0844901 23.739 0 0 0
121 1 -6.62208 -4.38375 -3.70206 -4.80196 -0.0610097 0.227743 -0.00416237 0.691559 -0.00689745 49.7188 0 0 0
122 1 -5.10803 -3.65196 5.278 6.55669 -0.0990849 -0.292198 0.0380774 0.425817 -0.073244 44.9939 0 0 0
123 1 -5.69151 -5.03436 -1.96708 -2.7629 0.0314021 -0.199567 0.200705 0.890235 -0.0562375 55.5846 0 0 0
124 1 -3.68884 2.31212 -1.28245 -1.82062 0.0755983 -0.149251 0.110916 0.73516 0.0110493 50.4549 0 0 0
125 1 0.915205 4.54919 -6.35358 -7.54271 -0.216811 -0.190281 -0.124577 0.649993 -0.0347453 38.6393 0 0 0
126 1 5.68987 -3.09436 -5.77759 -7.1056 0.261303 0.264252 0.0210218 0.672059 0.00208932 27.9352 0 0 0
127 1 -1.77959 2.56131 1.83772 2.59304 -0.153988 -0.0818657 -0.0216112 0.74003 0.1015 54.9413 0 0 0
128 1 3.06701 3.95424 -6.47548 -7.71548 0.0585858 0.335512 -0.0174059 0.854523 0.0484369 37.3599 0 0 0
129 1 3.81306 -4.57121 -1.08068 -1.78834 0.224796 -0.245334 0.118087 0.518014 0.052308 60.1334 0 0 0
130 1 6.34691 6.21346 -3.97605 -5.02076 0.0276012 -0.326869 0.0146843 0.694395 0.0568427 70.3988 0 0 0
131 1 -0.725321 2.32879 3.62627 4.71624 0.247165 0.00332312 -0.0947686 0.488734 -0.0893013 79.5828 0 0 0
132 1 1.35798 6.08622 -3.99513 -4.39924 -0.0334275 0.382561 -3.96578e-05 0.76347 0.0958874 9.65439 0 0 0
133 1 -1.01344 6.1146 -1.45476 -1.44609 -0.545206 -0.954758 -0.0382546 0.666094 -0.0407158 89.983 0 0 0
134 1 1.41933 5.91905 3.14956 3.38347 0.105438 0.422361 -0.0878167 0.844777 -0.0582228 87.3031 0 0 0
135 1 -6.19765 5.4216 -5.31937 -6.43303 -0.339014 -0.100418 -0.023317 0.650649 -0.022184 52.5307 0 0 0
136 1 -1.54984 0.376695 3.03882 3.85298 0.132882 0.0526141 -0.10809 0.421173 0.0542416 43.2628 0 0 0
137 1 -5.18558 -6.61986 -6.07789 -7.59472 -0.164424 0.349324 -0.0736594 0.624017 0.0626829 83.1633 0 0 0
138 1 0.59372 5.54779 5.5969 7.19963 -0.172238 0.28351 0.0866971 0.585193 0.0488127 27.5887 0 0 0
139 1 4.40651 -1.9516 -1.19259 -1.76624 -0.189673 0.260386 -0.0530351 0.716642 -0.0979549 51.6993 0 0 0
140 1 -0.876326 5.30215 -5.56874 -7.02079 0.0614458 -0.512343 -0.200925 0.775526 0.0997278 36.3959 0 0 0
141 1 6.71991 -0.727264 1.5629 2.41258 -0.0232229 0.254308 -0.00697257 0.539979 -0.244655 38.8966 0 0 0
142 1 -5.89791 -5.02371 0.0832535 -0.29056 -0.418994 -0.154989 -0.0367542 0.627245 0.0108116 58.0286 0 0 0
143 1 3.45365 -6.5658 5.91237 7.83375 0.0646476 0.146571 -0.0280617 0.585245 0.0335276 16.578 0 0 0
144 1 -6.41528 5.82052 6.46172 8.41966 -0.0361341 -0.152552 -0.153079 0.645362 -0.0915811 36.309 0 0 0
145 1 6.07079 -1.17447 -2.20302 -2.4964 -0.0576151 0.412789 0.0986903 0.548163 -0.0332803 74.85 0 0 0
146 1 6.2289 -4.87769 -6.79607 -8.18728 0.192069 -0.107526 0.0575266 0.674636 -0.0321981 33.0237 0 0 0
147 1.4 -5.3376 0.70438 4.99491 6.52789 -0.125166 -0.14262 -0.0185037 0.609333 0.0273832 167.083 0 0 0
148 1.4 -5.35415 4.92169 -2.93264 -3.53565 0.0384797 0.151713 -0.0912064 0.520961 0.139015 142.932 0 0 0
149 1.4 0.975628 -3.47606 4.58816 6.21195 -0.0374983 -0.125248 -0.0471027 0.613459 0.0412353 136.365 0 0 0
150 1.4 5.89872 1.70611 4.68479 6.4688 0.0329719 -0.300762 0.0716857 0.536382 -0.0258483 185.622 0 0 0
151 1.4 6.14609 -3.74094 -0.825328 -1.10321 -0.152911 0.0298026 0.0175556 0.655151 -0.0731906 160.188 0 0 0
152 1.4 5.78352 5.63973 0.47929 -0.0738965 0.0548876 -0.35214 0.0220991 0.63637 0.0914133 128.745 0 0 0
153 1.4 4.96962 -1.6942 6.06759 8.02949 0.115296 0.491763 0.0169531 0.629631 -0.121666 132.804 0 0 0
154 1.4 0.601543 3.03955 5.59001 6.65306 -0.187774 -0.00774449 0.120755 0.605814 -0.0950349 100.147 0 0 0
155 1.4 2.43407 -5.37552 2.86184 3.61552 -0.0547119 -0.458757 -0.0945348 0.972977 -0.0592451 79.1136 0 0 0
156 1.4 -0.486484 0.923144 -1.15535 -1.45673 0.0231967 0.317997 -0.016652 0.558499 -0.0270621 107.744 0 0 0
157 1.4 -2.99806 6.30757 0.10286 0.770672 -0.0961091 0.0182043 0.0267027 0.670066 -0.0825055 132.169 0 0 0
158 1.4 1.99705 -0.85418 3.91055 4.74243 0.0928708 -0.145902 0.0572416 0.634677 0.110491 97.0696 0 0 0
159 1.4 -2.39952 5.72256 -3.47642 -4.38437 0.194848 -0.434462 0.0961601 0.735442 0.0524172 142.315 0 0 0
160 1.4 -3.43851 6.02753 2.97308 3.77884 0.0127372 0.038437 0.0351073 0.824015 0.0348111 130.257 0 0 0
161 1.4 2.92533 0.28877 -4.53327 -5.94631 -0.0931488 0.621552 -0.0624436 0.629073 0.0587209 168.425 0 0 0
162 1.4 -4.44627 2.70865 3.09275 4.2305 -0.0134432 0.0217717 -0.0267729 0.625548 0.0486276 113.919 0 0 0
163 1.4 1.62402 -5.21704 -5.1676 -6.44973 -0.224496 0.45 0.0339851 0.61382 0.11437 111.186 0 0 0
164 1.4 -5.90341 -1.45477 -0.739977 -1.10125 0.0651312 -0.0724499 0.108284 0.696488 0.0170116 134.776 0 0 0
165 1.4 -6.44862 -1.96951 -4.2083 -5.2798 0.0116203 -0.00819014 0.0594967 0.720598 0.0206131 109.396 0 0 0
166 1.4 5.45728 6.71071 -6.26421 -7.77157 0.00460378 -0.0197586 -0.0180096 0.588221 -0.0154113 219.813 0 0 0
167 1.4 3.81187 4.40396 -1.24251 -1.61546 -0.313131 0.0790171 -0.0207948 0.630352 -0.0121882 195.011 0 0 0
168 1.4 -1.20571 -6.11265 4.32036 5.85749 0.229066 -0.667732 -0.0198963 0.665976 -0.120703 157.014 0 0 0
169 1.4 -5.50498 -4.12762 -5.93228 -7.44073 -0.0738087 -0.424163 -0.056023 0.588204 0.0158649 109.572 0 0 0
170 1.4 4.58035 0.0618988 2.70523 3.39999 0.472076 0.175671 -0.0682789 0.594949 -0.0825077 142.044 0 0 0
171 1.4 -0.144657 -2.00565 -4.23508 -5.97837 -0.193729 0.192382 0.0043124 0.499075 -0.11387 107.365 0 0 0
172 1.4 -2.86497 1.5544 -3.51881 -4.76389 -0.0616318 -0.679128 0.0110373 0.598788 0.00187931 175.382 0 0 0
173 1.4 2.40484 -6.0358 -2.50377 -3.2453 0.121916 0.267064 -0.00481373 0.680897 0.0404237 144.061 0 0 0
174 1.4 4.7023 2.90705 1.10523 1.13593 0.0886237 0.0756963 -0.0735172 0.614961 0.0216581 111.75 0 0 0
175 1.4 4.21797 4.91922 -4.07107 -4.82184 0.00873348 -0.168104 0.116962 0.740452 0.0760548 100.281 0 0 0
176 1.4 4.5861 -2.4179 1.22908 1.01427 0.373613 0.445442 -0.156971 0.812733 -0.14949 85.8494 0 0 0
177 1.4 -2.87723 -1.58397 -5.07477 -6.60773 0.209937 0.0707872 -0.101023 0.383222 -0.0394056 117.197 0 0 0
178 1.4 -1.11801 -1.47498 4.78858 5.84573 -0.107751 0.150669 -0.0292883 0.505976 0.153194 92.5604 0 0 0
179 1.4 -3.44967 -6.63983 6.06735 7.58581 0.171564 -0.120317 0.0548393 0.650685 -0.0554586 188.862 0 0 0
180 1.4 -0.541126 -3.17122 -6.91737 -8.91665 0.122254 0.0772021 0.0446444 0.657631 -0.00554328 190.914 0 0 0
181 1.4 -4.68909 2.02208 -5.74525 -7.45712 0.315164 0.155044 0.109782 0.870176 0.00798976 158.925 0 0 0
182 1.4 -0.66758 6.3974 1.88859 2.48458 -0.0404464 -0.475832 -0.140372 0.590784 -0.0811004 188.665 0 0 0
183 1.4 -0.600749 2.97963 -4.75383 -5.78526 0.266484 0.167885 0.0257705 0.431825 0.0564975 77.2649 0 0 0
184 1.4 -3.77316 -1.29829 3.63346 5.18226 -0.250687 -0.061904 -0.0536238 0.562313 0.0157898 130.105 0 0 0
185 1.4 5.68208 -4.23084 4.84434 6.40904 -0.0245334 0.247225 -0.0186188 0.570463 0.0400613 74.7078 0 0 0
186 1.4 2.37417 5.89138 0.773564 0.457187 -0.176544 0.292226 -0.0115071 0.535731 -0.0619215 163.059 0 0 0
187 1.4 6.48128 3.35732 -1.70216 -2.24563 -0.329534 -0.0668186 -0.0535154 0.476656 0.0176376 113.937 0 0 0
188 1.4 2.51116 -2.89505 -6.64929 -8.76063 -0.00545953 -0.0138973 0.0198716 0.63704 0.0546658 90.6786 0 0 0
189 1.4 -6.73415 -1.80041 4.18304 5.84355 -0.0704409 -0.0419878 0.0737081 0.748001 -0.0711221 112.382 0 0 0
190 1.4 4.17252 0.962043 6.89013 8.78621 0.0592119 0.205927 -0.0920716 0.6726 0.0775559 144.872 0 0 0
191 1.4 5.29253 -5.69935 -2.85236 -3.7019 0.00921665 -0.0249667 0.0418226 0.611405 -0.0019697 178.643 0 0 0
192 1.4 1.79204 2.72574 1.11414 1.30034 -0.000185293 -0.0664563 -0.0844407 0.724003 0.109185 103.412 0 0 0
193 1.4 6.86939 0.0944539 -6.72577 -8.61898 -0.0700835 0.277461 0.0128442 0.579244 0.0529109 211.715 0 0 0
194 1.4 4.48455 0.348637 -0.225008 -0.313812 0.0285507 0.0402815 0.00803161 0.683705 -0.0485367 78.2286 0 0 0
195 1.4 -6.10881 3.31539 6.07277 7.47865 -0.426514 0.327813 0.0771263 0.677902 0.00960893 165.293 0 0 0
196 1.4 -2.90347 -5.94911 -5.15503 -6.46343 -0.0459587 -0.547059 0.0209143 0.547585 0.0541164 147.03 0 0 0
197 1.4 3.47051 3.19283 5.15192 6.54686 -0.0748084 0.119155 -0.0269179 0.670435 -0.0484131 101.361 0 0 0
198 1.4 -6.67212 -6.51501 2.30719 2.13764 0.00033021 0.250218 -0.0125111 0.758724 -0.0838336 111.853 0 0 0
199 1.4 -6.36547 -3.09215 1.59479 1.43028 -0.360167 -0.341149 -0.0253551 0.924402 -0.0742994 98.4055 0 0 0
