# LF_DEM version v2.0-476-g5b678e2-dirty
# np 200
# VF 0.45
# Lx 13.9626
# Ly 13.9626
# Lz 13.9626
#1: number of the particle
#2: radius
#3: position x
#4: position y
#5: position z
#6: velocity x
#7: velocity y
#8: velocity z
#9: angular velocity x
#10: angular velocity y
#11: angular velocity z
#12: viscosity contribution of lubrication
#13: viscosity contributon of contact GU xz
#14: viscosity contributon of brownian xz
#15: angle (for 2D simulation only)

# 0.0001 0.0432841 100 0 0.0001 
0 1 -0.39441 3.15101 -0.0692599 -0.00410146 4.32709 2.7677 4.70873 -12.6618 -2.56691 39.8495 0 -0.889883 0
1 1 5.52614 -5.26818 1.0813 10.4787 5.4462 10.762 -4.4111 16.6201 10.3842 10.9166 0 -0.181242 0
2 1 -2.94172 -4.88996 -0.449902 7.52695 1.48014 0.392268 -11.0134 1.1935 15.1495 22.9208 0 -0.142121 0
3 1 -3.67845 -1.56053 0.988071 16.5667 5.79759 -11.7791 -4.58213 -9.98537 19.5423 20.6045 0 0.216276 0
4 1 -3.31545 -2.69243 5.6803 2.58777 1.71671 -7.18969 16.5595 -1.84414 -5.64387 28.6015 0 -0.19091 0
5 1 2.53271 5.66007 4.87563 -3.38843 -8.90445 11.2533 18.0934 4.3986 15.6305 59.0276 0 0.380987 0
6 1 0.953722 -0.454234 -2.6495 -4.7632 -4.33242 7.04667 8.3098 2.45444 8.43633 49.2755 0 -0.357923 0
7 1 -0.867001 0.352982 -4.43828 -11.2855 -8.19319 -0.618107 17.3684 -0.131082 4.66817 21.1693 0 0.00246288 0
8 1 -4.46314 5.11524 6.56767 11.0152 -3.90635 8.80062 2.77827 1.39999 3.04294 28.6137 0 -0.263952 0
9 1 -2.62486 -0.0211298 0.00603097 1.11307 -0.67122 7.58221 13.0407 0.691215 1.78563 32.8103 0 0.395087 0
10 1 2.9255 -0.752348 -2.11813 -11.8644 4.7728 3.66659 7.4419 -8.40781 7.14737 45.968 0 -1.18196 0
11 1 0.835034 -0.409933 -5.85353 -7.76721 -4.9364 4.05396 9.88744 6.17628 -9.08694 43.9355 0 -0.357513 0
12 1 -4.55625 -3.61067 -0.838357 7.51329 3.45599 3.90093 -5.75621 12.4532 10.498 24.0598 0 -0.519708 0
13 1 3.24769 2.61946 -2.93018 -13.9737 0.621295 2.16466 1.48963 -0.603626 -3.68522 14.5153 0 -0.27031 0
14 1 5.67288 -3.27608 -3.20779 -5.04981 1.87795 7.62479 4.21977 7.60761 4.42268 44.0664 0 1.1662 0
15 1 -5.64104 0.661076 -3.77956 1.37955 9.87258 3.3733 0.629587 3.06556 -0.519305 36.4565 0 0.0850955 0
16 1 5.84757 5.79951 -2.00278 0.365 -1.04726 -2.99723 8.26182 -9.59737 -10.3616 28.7332 0 -0.0308492 0
17 1 4.07105 5.37886 2.51596 2.43833 16.9831 7.67941 8.85326 -4.61754 -2.4606 35.5117 0 -0.240592 0
18 1 -6.10994 -4.49117 3.62442 5.9274 6.13646 -5.75222 -1.83535 2.64785 -3.12143 37.4999 0 -0.111021 0
19 1 6.95436 0.837856 -2.23415 -3.58244 -8.07511 11.1119 9.13863 1.58807 -10.5236 37.0293 0 0.0295297 0
20 1 -5.01631 -0.410105 -5.47907 -0.407857 2.9987 -1.23315 -1.73632 7.49465 -2.26955 58.5162 0 0.870949 0
21 1 2.58916 -1.44257 0.11412 2.03488 -11.6736 2.34124 3.11393 1.26691 6.40619 49.4498 0 -0.0493755 0
22 1 0.814677 1.1339 2.80603 -9.52507 4.3316 -2.50955 -0.573663 -7.41726 4.81218 35.0192 0 2.04911 0
23 1 -3.45232 -3.9739 4.05533 -4.99604 -0.261367 -1.38602 -4.38211 21.4448 4.6928 26.2926 0 0.488834 0
24 1 2.06011 4.31662 -2.99403 9.95557 12.2538 7.92087 4.58211 8.1549 -17.0811 69.845 0 0.767259 0
25 1 -1.07909 -6.02185 -0.00923223 7.99182 -6.76572 0.967442 0.277259 1.86728 -0.324629 27.0587 0 0.315036 0
26 1 3.75654 -6.3882 -4.68276 -2.44086 -0.469754 2.40803 7.95377 -13.2848 4.96958 68.5178 0 0.0876113 0
27 1 2.17915 -2.88983 -4.13241 -4.30544 3.53549 10.109 7.2234 -14.4379 5.57335 30.0307 0 -0.212952 0
28 1 -3.1431 3.55126 6.96074 24.8542 -11.4014 6.19719 7.11834 -3.381 -10.2899 31.9658 0 0.522116 0
29 1 -4.4613 -6.016 1.25043 -1.09715 -9.04061 6.23566 -23.5973 1.47122 -10.9739 49.247 0 0.182283 0
30 1 -1.31324 5.81359 6.41414 -7.64482 -5.52873 4.11959 -0.859825 -7.52157 5.58198 26.6498 0 0.264128 0
31 1 -5.0413 4.76145 4.3726 1.88983 3.38261 -2.53795 2.66671 3.09452 1.2224 44.5823 0 0.522505 0
32 1 -1.84869 -4.58471 1.3196 4.96456 -5.003 12.1702 0.876688 -7.1501 -2.02963 32.0345 0 0.379768 0
33 1 0.939671 -5.5844 -0.151525 5.95789 -0.73924 -1.51386 7.24138 8.59254 -6.62075 22.987 0 -0.0147017 0
34 1 1.83942 -3.98688 -1.17806 3.8298 6.4715 4.39824 9.37022 -3.08351 -2.26337 37.4897 0 -0.107743 0
35 1 4.52146 -2.30621 3.70032 15.2808 4.94314 10.9968 -1.81045 5.34758 -6.96212 24.3612 0 -0.474235 0
36 1 -0.504644 -6.56965 -5.25083 -5.29892 -0.30358 5.51913 -4.48344 4.33998 2.48768 27.868 0 0.0930378 0
37 1 1.09672 1.68825 -6.17261 -9.62851 1.33273 10.8276 -5.10481 8.41454 0.41285 20.6166 0 0.256514 0
38 1 -5.52843 1.50086 -0.82852 2.70427 -5.82123 -5.79622 -0.158758 1.79986 7.36801 50.9846 0 0.323218 0
39 1 -3.13832 -3.30831 -3.20487 21.762 -1.70946 2.00494 2.74808 -5.46041 4.8935 14.7423 0 0.661957 0
40 1 -4.62491 -1.39741 6.6878 6.15573 5.83192 -6.0116 14.5546 0.0322051 -10.69 26.5806 0 0.127993 0
41 1 6.29843 0.247141 -4.32375 -10.8867 3.1258 -2.56471 3.58155 1.43188 -2.31128 28.4633 0 -0.412996 0
42 1 -0.921013 -5.82279 6.8345 8.65124 -11.1224 -1.8488 4.17994 2.84811 -8.01507 27.0854 0 -0.604438 0
43 1 4.1794 -5.11128 -6.36145 0.13409 -3.42213 8.45191 -13.5401 -3.75753 1.33411 16.9376 0 -0.0760926 0
44 1 2.31543 0.224657 1.67897 11.9093 -5.41441 1.11805 -1.2531 -4.03265 19.8271 47.6289 0 1.54577 0
45 1 4.04582 6.92576 -0.866471 -1.73322 0.777707 13.8924 4.74033 4.51735 6.21547 46.8485 0 0.536646 0
46 1 1.14565 5.82495 -1.91159 6.43483 1.99874 9.20521 6.49908 3.46046 -3.72981 33.995 0 0.547827 0
47 1 0.0108489 -0.839125 2.33019 2.42181 -0.500624 6.35928 5.18425 -5.70598 3.62427 32.8662 0 0.525094 0
48 1 -5.09309 3.97198 -0.570355 -6.4948 -1.72507 -5.13713 -5.81199 -14.481 5.92562 27.0695 0 -0.555936 0
49 1 -1.53305 1.07159 6.06138 -2.61112 -3.149 11.9152 5.5212 -6.68074 -10.7946 38.8376 0 0.408466 0
50 1 -4.03453 5.59358 -5.435 2.52099 7.26733 6.68409 2.61101 2.21473 12.0748 32.3845 0 0.280779 0
51 1 -2.5762 1.63421 4.31763 -5.00177 0.26469 1.14503 2.39187 -8.1986 -7.34281 36.9414 0 -0.658483 0
52 1 3.84325 2.55874 -5.17202 -8.49113 0.869673 4.52042 9.91935 -5.31908 2.60528 19.2908 0 -0.437511 0
53 1 -5.10591 2.44729 -2.81036 -1.26848 -0.5458 5.98359 -4.16548 3.86536 -11.6519 36.3843 0 -0.141911 0
54 1 1.84619 3.35139 -4.81671 -8.14738 3.22783 12.8081 -4.35186 4.37234 1.73824 37.0421 0 -0.305411 0
55 1 -1.87032 3.2725 5.36484 5.12933 -2.62902 -4.65203 4.49069 -5.5654 -19.6451 36.1826 0 0.311931 0
56 1 -2.84741 5.08683 5.18753 -2.4152 -1.24545 -0.374734 9.72087 0.964249 -8.229 33.9882 0 -0.227674 0
57 1 4.15394 5.36581 6.11637 -4.30527 -11.2082 13.9147 -9.37904 4.79601 14.1351 56.7414 0 -1.43015 0
58 1 6.59333 1.61063 0.0988884 5.39819 1.53452 11.2127 7.5568 3.08733 9.18068 45.6699 0 0.617067 0
59 1 -0.803446 -5.31025 -3.63486 4.81047 6.4216 10.7404 -10.8177 6.66028 -1.83829 41.5364 0 0.00693245 0
60 1 -6.48675 -6.91448 -2.36652 -2.33886 -5.90192 4.73293 -2.63173 -23.9189 -12.673 40.2691 0 0.933382 0
61 1 -6.53462 -2.40525 6.58293 4.70034 -4.6645 0.899276 6.49338 -4.49551 0.1951 25.6949 0 -0.74599 0
62 1 1.17112 -2.0084 -1.3081 -7.80754 -4.81802 12.8444 4.06871 0.176471 -1.08856 23.4088 0 0.00485521 0
63 1 -1.84882 4.06739 3.45195 0.536863 1.72169 0.24882 12.4029 -1.92869 2.41995 12.0393 0 -0.144369 0
64 1 4.82783 1.25952 -2.69621 -12.1593 3.07561 9.28766 10.1285 -14.0204 -13.2091 23.7347 0 0.112182 0
65 1 -2.45631 3.37629 0.011614 12.6143 1.04603 -2.2586 -9.04958 2.84569 8.49878 46.7831 0 -0.143825 0
66 1 1.43426 -2.28536 1.95274 4.39758 1.79134 4.14505 -5.77183 0.951994 -2.19437 17.6714 0 0.163165 0
67 1 1.14262 6.63773 -6.48789 3.31627 4.46748 10.8634 0.684426 8.47273 -5.80401 19.4522 0 0.190731 0
68 1 4.38958 -1.47702 -3.54252 -0.532402 -1.23412 12.7399 -1.06391 1.10902 3.36835 38.045 0 -0.0936262 0
69 1 -0.509244 3.52479 -2.18883 -8.33252 -10.1013 3.08978 9.1587 3.5842 3.42676 13.1294 0 -0.680198 0
70 1 1.64707 -5.36686 6.26193 18.6336 4.69001 6.18652 -10.5083 -5.56012 -7.3717 18.2218 0 0.108045 0
71 1 -3.34217 4.35243 -1.59777 0.51445 -3.19453 13.3675 6.52486 -22.9236 3.3481 51.8205 0 -1.02923 0
72 1 3.08622 5.9846 -6.09077 -5.16038 -10.7154 18.442 10.2772 3.49398 -0.445035 22.4 0 -0.401492 0
73 1 -5.57798 0.144516 2.53506 2.35355 4.51089 -5.44846 -15.514 4.26718 -2.49839 42.7163 0 -0.256174 0
74 1 -4.93319 -6.85035 -4.04524 -2.39955 -7.22175 -3.54056 -11.4757 -15.5993 5.81212 36.1902 0 0.187102 0
75 1 -4.40703 -1.3986 -2.79142 15.7571 0.244097 -5.19603 -7.70537 -6.64727 8.71571 45.1384 0 0.236932 0
76 1 -6.74846 3.69248 3.70965 5.7657 6.7339 13.4601 14.5333 -3.0457 2.44922 36.6829 0 -0.72036 0
77 1 0.527147 -3.93272 -2.7968 8.21297 6.61725 6.73981 -6.19413 15.8206 7.88979 38.7583 0 -0.520768 0
78 1 -6.86689 3.38346 1.52935 14.1456 -17.2829 4.5891 13.8316 -2.81781 -2.49385 25.4207 0 -1.02354 0
79 1 0.178844 -4.53011 1.85087 2.04226 -21.6494 3.20603 24.6926 -5.19513 4.611 20.796 0 0.558836 0
80 1 6.65603 -6.36649 5.67583 0.291142 -4.39594 -9.08963 9.97848 -0.510485 8.26558 33.8518 0 0.243167 0
81 1 -4.7486 0.256031 0.629819 13.3796 -12.7472 -1.97039 0.912182 -0.112031 -4.99857 55.0758 0 -0.678157 0
82 1 -3.88207 4.2762 1.26473 -1.91887 -1.66501 -7.33891 -14.3709 -8.60252 1.89013 33.3483 0 0.775468 0
83 1 -3.11063 -3.66732 -6.38817 -6.84167 2.87662 -0.00314245 9.11284 1.09603 -2.34658 43.8761 0 -0.531799 0
84 1 0.186584 5.12831 -0.0962315 5.31849 7.18984 0.871662 -6.53082 -5.29879 4.35643 64.5054 0 -0.451572 0
85 1 -2.33141 -2.79489 2.27401 1.57996 5.7938 -1.01122 -0.626064 0.608784 15.2378 25.7109 0 0.0663691 0
86 1 -3.20783 0.985188 1.81247 -1.08011 -1.19339 14.2249 -2.00847 4.90014 7.28625 46.0838 0 -0.132095 0
87 1 0.597602 -0.847595 0.334294 6.3402 -0.26417 14.5837 -3.98012 3.5813 1.69652 30.8082 0 0.0982658 0
88 1 1.23144 -6.66915 4.69543 -1.33016 -0.136867 1.11624 -8.82532 -8.1312 1.17057 25.8452 0 -0.207109 0
89 1 3.67219 -3.21806 -2.66283 -1.31914 -6.29484 -2.75312 9.71522 10.3849 0.48693 38.7505 0 0.236189 0
90 1 -3.67148 3.79377 -4.35554 -9.83781 3.98722 -5.88134 5.76704 -0.151901 0.823404 26.3087 0 0.21361 0
91 1 2.05372 -0.637924 6.39743 1.66582 11.4693 -0.426798 1.57025 5.72119 0.915934 23.2938 0 0.00685568 0
92 1 5.81906 2.85651 -4.08199 -6.76409 2.83403 5.33488 -2.09806 6.18772 13.7356 17.603 0 -0.27846 0
93 1 -1.16659 -0.395412 -6.43386 -14.8158 -6.35284 -2.87289 -5.3545 7.27308 9.49481 28.2479 0 0.00976322 0
94 1 -5.4507 -6.137 4.67426 -0.494532 9.53069 -5.18447 8.74991 -2.43874 4.75214 45.7314 0 -1.35274 0
95 1 -5.22938 5.86189 1.07416 0.885331 -2.18578 -10.9136 1.78199 -3.54343 1.39673 29.5303 0 -0.589766 0
96 1 6.43043 -6.24714 -0.713018 -11.5496 -4.80086 -9.93766 0.273089 4.65087 2.77513 36.262 0 -0.757555 0
97 1 2.83387 1.82099 3.19481 -9.3215 19.2442 15.211 -11.5425 -9.96645 1.16825 31.4165 0 -0.2182 0
98 1 2.01921 0.8378 -0.498011 6.0066 -4.9394 6.21981 0.981935 -8.89079 -2.99687 21.7636 0 0.0352328 0
99 1 3.00348 -5.69538 0.449378 7.64383 -3.53742 3.68723 -0.856173 1.59509 6.10781 31.7658 0 0.848628 0
100 1 -6.74783 5.9904 4.39954 4.06291 -10.4524 -10.8109 -8.08304 4.78516 5.69982 14.847 0 0.00701868 0
101 1 -1.76287 -3.78062 -4.82629 -1.78373 0.475471 7.5325 -8.20029 4.6385 -0.276973 51.7425 0 -0.421766 0
102 1 -3.79915 -3.71878 1.12219 6.9183 -2.68035 2.0106 8.97488 12.5549 5.81339 28.1395 0 -0.0678351 0
103 1 -4.58945 -4.84382 -3.72076 -3.22354 -1.93151 -2.96204 5.13558 -7.46478 -1.98868 48.2765 0 0.250468 0
104 1 -4.033 0.283879 -1.59125 -3.85714 2.12945 -8.29843 -9.47055 -7.689 8.87633 30.1368 0 -0.403644 0
105 1 -1.85281 -5.9935 -1.93325 11.9967 -8.55324 2.81716 3.13755 2.19592 3.56508 27.7736 0 0.220208 0
106 1 4.18913 -4.11463 -4.4876 -7.48534 9.43347 -1.48207 -0.932196 3.45694 -16.4499 35.5649 0 -0.486587 0
107 1 -2.24123 -4.44465 5.8282 4.87542 6.13769 -9.31773 -2.30994 0.702836 0.787033 40.801 0 -0.301243 0
108 1 1.37641 3.62973 -1.15983 8.53612 6.77676 8.03927 -7.00383 5.42387 -9.23522 43.1452 0 -0.527427 0
109 1 5.12685 3.82594 3.42826 -1.80723 6.25208 9.21314 2.08869 0.875299 -7.58614 40.9451 0 -0.0561292 0
110 1 -6.81076 -6.00949 -4.96142 -11.1953 -2.64464 -9.71366 -8.72054 -0.631617 4.34245 57.7123 0 -1.00332 0
111 1 6.20979 4.32884 -6.27998 -8.41213 -4.10185 0.614905 4.23553 7.69254 -14.9672 18.8082 0 0.00832058 0
112 1 1.23675 1.59513 -3.21537 2.88412 -0.804026 4.01522 -0.112841 0.00501289 17.5968 32.0076 0 -0.0529315 0
113 1 0.1383 0.694411 4.822 8.2033 3.90842 2.64079 9.38902 -0.744403 -2.55829 31.9663 0 1.29355 0
114 1 6.65853 1.38498 2.19828 13.4224 2.67728 8.02668 2.99637 -3.3353 4.21819 28.0747 0 0.177147 0
115 1 -3.47684 0.390425 6.72734 4.81102 -13.311 -3.5984 0.706048 7.95609 -12.3633 30.5032 0 0.586122 0
116 1 1.14462 3.7464 3.27166 -10.6405 10.3635 -2.26464 -5.02232 -4.70347 8.32044 18.0896 0 0.303931 0
117 1 4.85507 -0.907952 -5.51108 -1.51877 -5.07613 4.759 -2.02545 2.08301 13.5892 52.0643 0 0.0620916 0
118 1 -3.09212 -5.49377 2.70855 -1.4147 -6.7635 -6.57822 -3.95829 -3.27899 0.0545321 49.6505 0 -0.274247 0
119 1 3.24883 -4.3147 5.3734 4.26278 -1.04661 3.56819 2.17266 20.2623 2.68018 28.2764 0 0.637078 0
120 1 1.94486 -3.97331 0.881127 13.7298 -8.75282 2.56229 -8.16527 -6.00195 4.57841 18.7351 0 1.08393 0
121 1 -6.62369 -4.38375 -3.7027 -15.3221 -0.42611 -7.40929 13.8074 11.5413 -4.48159 39.191 0 -1.60094 0
122 1 -5.1079 -3.65124 5.27801 2.64831 5.98261 -1.82256 3.22482 -11.3485 2.45529 35.5401 0 0.349835 0
123 1 -5.6913 -5.03505 -1.96627 1.44284 -7.76932 7.08261 -4.61483 -6.73805 -4.56919 43.6557 0 -2.37515 0
124 1 -3.68836 2.31248 -1.28251 2.8523 3.72731 -0.88694 4.13548 -4.82052 0.75774 39.7858 0 -0.210485 0
125 1 0.913915 4.55007 -6.35317 -13.7171 9.52758 3.59133 -15.2952 3.37381 -0.0232729 30.4757 0 -0.0702696 0
126 1 5.68863 -3.09267 -5.77815 -12.1438 16.063 -6.29781 -6.17693 -6.58294 -3.05475 22.0843 0 -0.150653 0
127 1 -1.78101 2.56109 1.83867 -14.9742 -2.20571 9.46585 2.60746 3.61347 -7.26232 43.3151 0 0.269003 0
128 1 3.06599 3.95311 -6.47438 -10.3184 -11.4396 10.6579 -11.525 -9.47707 6.96422 29.5533 0 -0.381708 0
129 1 3.81316 -4.57109 -1.08041 -1.09421 1.52512 2.65424 2.03053 2.92529 8.99804 47.4251 0 0.332168 0
130 1 6.34767 6.21262 -3.97694 6.2363 -8.38318 -8.54319 -17.7464 2.66375 6.35982 55.6103 0 1.1627 0
131 1 -0.725927 2.32853 3.62661 -6.45026 -2.18572 2.4421 5.00751 4.8134 12.315 62.8408 0 0.634718 0
132 1 1.35826 6.08666 -3.99549 3.72387 3.55549 -2.2223 10.2376 11.695 -8.6876 7.62094 0 0.266551 0
133 1 -1.013 6.11499 -1.45433 2.79144 3.6485 6.20676 -6.38365 -11.3702 -7.06994 71.2379 0 -0.50092 0
134 1 1.41904 5.919 3.15061 -2.83739 0.425849 11.1917 -0.279428 -9.66851 1.33624 68.9374 0 0.488706 0
135 1 -6.19726 5.42121 -5.3194 2.50696 -2.7193 0.398112 20.7165 12.5929 5.47778 41.4861 0 0.703021 0
136 1 -1.55007 0.376948 3.03968 -2.08729 3.06481 8.87783 -16.3593 -3.35858 17.1671 34.1913 0 0.431367 0
137 1 -5.18568 -6.61883 -6.07729 -0.204742 11.3554 7.51376 3.45699 5.89032 -6.57999 65.82 0 0.654128 0
138 1 0.592309 5.54852 5.59854 -13.6893 8.08275 15.4767 9.42326 12.5045 -1.97674 21.8121 0 1.02076 0
139 1 4.40597 -1.95278 -1.19217 -4.39263 -10.6394 4.3839 5.31986 6.44024 7.42493 40.8041 0 -0.84899 0
140 1 -0.877598 5.30241 -5.56788 -11.5281 1.86033 8.44799 0.987126 5.20399 1.69596 28.7259 0 0.113424 0
141 1 6.72115 -0.727291 1.56239 12.4933 -0.972042 -4.02734 9.61258 11.5481 3.81138 30.709 0 0.686706 0
142 1 -5.8983 -5.02461 0.0836459 -3.88928 -7.49158 1.90576 7.71455 0.280689 -7.73189 45.7962 0 -0.13921 0
143 1 3.45419 -6.56707 5.91269 5.39981 -13.1537 3.32984 -2.04511 9.15707 3.43049 13.09 0 -0.0959199 0
144 1 -6.41468 5.82047 6.46159 7.56955 0.175498 -1.62816 -0.982724 -13.6873 -8.7918 28.6617 0 0.009104 0
145 1 6.07024 -1.17538 -2.20306 -4.9158 -10.0336 0.382703 -2.40719 -7.53326 -7.62801 59.2034 0 -0.366522 0
146 1 6.22816 -4.87798 -6.79606 -7.50195 -2.6361 0.0176389 0.385294 -3.68127 -17.7437 26.012 0 0.2629 0
147 1.4 -5.33702 0.70403 4.9952 4.9255 -3.76049 2.25686 0.449836 -1.76658 -2.6634 131.896 0 1.20969 0
148 1.4 -5.35405 4.92059 -2.93234 0.497167 -10.6429 2.78512 0.903059 -1.79641 -3.20804 112.933 0 0.587205 0
149 1.4 0.976675 -3.47646 4.58878 9.73846 -3.10462 7.48614 2.94827 6.98028 0.592744 107.701 0 0.0890736 0
150 1.4 5.89899 1.70714 4.68556 1.74847 10.5239 8.48794 4.26052 3.36344 -4.0879 146.609 0 -0.118246 0
151 1.4 6.14624 -3.74121 -0.825073 0.107062 -3.05062 3.17851 -1.718 6.27327 -0.627475 126.497 0 0.949182 0
152 1.4 5.78346 5.63949 0.480571 0.339957 -0.98124 10.4578 1.11483 2.41845 -5.92021 101.738 0 0.125567 0
153 1.4 4.97075 -1.6947 6.06786 11.9316 -4.69789 2.37061 -0.377622 -6.68249 -5.65399 104.896 0 -1.04465 0
154 1.4 0.600856 3.03973 5.59056 -7.4055 2.87669 2.97433 -4.2625 6.92032 1.11566 78.9957 0 0.536854 0
155 1.4 2.43594 -5.37474 2.86258 16.3274 9.33179 6.0537 4.09059 5.56723 4.89728 62.4863 0 0.0474935 0
156 1.4 -0.486815 0.922346 -1.15542 -1.42626 -7.48813 -0.179563 2.00517 5.24078 -1.57421 85.1202 0 1.58438 0
157 1.4 -2.99715 6.3066 0.102924 8.2848 -9.63307 3.691 -0.488911 -5.10952 -3.63491 104.523 0 0.724334 0
158 1.4 1.99696 -0.853958 3.91084 -1.89313 1.25046 2.6407 0.0450141 -1.1356 -2.98475 76.6618 0 -0.616455 0
159 1.4 -2.39969 5.72262 -3.47495 -3.23924 0.0278411 15.3977 2.20276 -8.88913 2.01978 112.485 0 -0.288333 0
160 1.4 -3.43871 6.0274 2.97306 -2.32469 -1.80503 1.61217 2.99441 -3.86674 -2.64041 102.907 0 0.469817 0
161 1.4 2.92479 0.288343 -4.53278 -3.64447 -4.72634 2.50316 5.9932 -2.03233 -9.95718 132.898 0 -0.0542148 0
162 1.4 -4.44644 2.70934 3.09225 -1.1702 6.61101 -4.76103 2.84808 -1.68557 -2.50671 89.846 0 0.259976 0
163 1.4 1.62396 -5.21612 -5.16737 0.949926 8.66354 1.44951 4.91306 -0.349432 0.0631274 87.7535 0 -0.301547 0
164 1.4 -5.90367 -1.45476 -0.740539 -2.81217 -0.663666 -4.11647 -2.1713 3.50266 3.44951 106.444 0 0.989692 0
165 1.4 -6.44908 -1.96879 -4.20905 -4.28756 6.00799 -7.79249 -1.86843 1.96596 -1.34737 86.3034 0 -0.571025 0
166 1.4 5.45691 6.71045 -6.26455 -3.84482 -2.32685 -3.33944 2.60976 6.18364 -3.10753 173.574 0 -1.80027 0
167 1.4 3.81261 4.40456 -1.24227 8.06259 7.03268 2.45811 2.21839 -5.73573 -4.50542 154.067 0 0.861541 0
168 1.4 -1.20527 -6.11254 4.32001 2.16312 0.407602 -1.35639 -0.0747084 0.900716 4.90473 123.947 0 0.139538 0
169 1.4 -5.50541 -4.12715 -5.93312 -4.38573 4.28222 -7.73199 -0.985508 1.03269 0.165725 86.4451 0 0.383376 0
170 1.4 4.58128 0.0610963 2.70625 9.07398 -8.08444 9.84104 6.51347 2.1797 1.89155 111.959 0 2.97634 0
171 1.4 -0.145008 -2.0049 -4.23435 -3.39568 7.71091 6.04015 -3.48372 3.05384 -2.23441 84.9473 0 -1.44991 0
172 1.4 -2.86501 1.55495 -3.51923 -0.235949 7.24771 -3.37308 1.22348 2.66774 -3.10085 138.582 0 0.63816 0
173 1.4 2.40504 -6.03593 -2.50366 2.62676 -0.5426 0.656716 -5.11465 -5.67426 -4.11027 113.668 0 0.520494 0
174 1.4 4.70182 2.90707 1.10575 -4.1263 0.221646 4.31778 -0.727075 -2.62386 -1.65126 88.0778 0 -0.596038 0
175 1.4 4.21802 4.9191 -4.07088 -0.406746 -0.854059 3.07789 1.63808 3.68895 -1.46796 79.366 0 -0.126211 0
176 1.4 4.58696 -2.41794 1.22955 8.81773 1.03872 4.1599 -5.21786 4.88344 1.04025 67.7668 0 0.806136 0
177 1.4 -2.8774 -1.58388 -5.07435 -1.66011 -0.393762 2.72055 -1.98992 -6.51596 9.58739 92.727 0 1.55128 0
178 1.4 -1.11735 -1.47499 4.7881 6.41604 -0.212567 -4.7635 8.26833 8.40059 -5.06585 73.0847 0 -0.650786 0
179 1.4 -3.44929 -6.63956 6.06785 3.34448 1.7157 7.27798 -0.505292 -0.0607271 4.64517 149.175 0 -0.330799 0
180 1.4 -0.542381 -3.17075 -6.91741 -12.9276 3.90123 -1.88523 -4.93499 -3.95933 -0.980559 150.7 0 0.118199 0
181 1.4 -4.6896 2.02207 -5.74548 -3.7192 -0.714838 -3.01259 -4.91308 0.778501 -3.38709 125.648 0 -0.641834 0
182 1.4 -0.667637 6.39662 1.88917 -0.842559 -6.1595 7.70807 0.124683 -7.10345 2.69946 149.109 0 0.397806 0
183 1.4 -0.601416 2.97905 -4.75377 -5.70057 -5.27359 0.948209 8.36011 -7.67018 -10.4122 61.0972 0 0.458413 0
184 1.4 -3.77306 -1.29797 3.6328 0.481627 3.31021 -5.48192 -2.38567 8.0423 4.55641 102.763 0 -0.322596 0
185 1.4 5.6828 -4.2309 4.84397 6.93886 -0.468225 -2.06327 1.20924 0.667308 1.97787 58.9551 0 0.391708 0
186 1.4 2.37406 5.89183 0.77457 -0.316941 5.30532 8.74832 8.04768 -1.5395 0.367374 128.731 0 0.485158 0
187 1.4 6.48087 3.35738 -1.70103 -4.08145 1.73389 10.6179 2.51348 0.027932 0.606017 90.0021 0 0.0054548 0
188 1.4 2.51055 -2.89396 -6.64845 -5.71703 9.9193 8.4227 2.19324 2.36758 4.7869 71.5407 0 0.0237868 0
189 1.4 -6.73303 -1.8004 4.18266 10.9747 -1.14746 -3.16615 -4.08013 -8.12922 -4.96995 88.7029 0 -0.114366 0
190 1.4 4.17295 0.96159 6.89004 5.64816 -5.23104 -1.16033 -0.757227 8.98484 0.779696 114.418 0 0.0720381 0
191 1.4 5.29213 -5.69976 -2.85216 -3.99911 -3.39125 1.79293 -0.339211 2.44056 -1.2948 141.145 0 -1.33788 0
192 1.4 1.79283 2.72561 1.11493 8.37185 -1.11374 8.32907 0.376601 -0.316965 0.653164 81.8104 0 -3.67231 0
193 1.4 6.86871 0.0943902 -6.72529 -6.0262 -1.23788 3.73528 -4.80386 -3.42182 -0.458668 167.087 0 0.506981 0
194 1.4 4.48462 0.348077 -0.223848 1.56015 -4.63084 11.6703 -0.206405 6.18328 4.26929 61.7782 0 0.165129 0
195 1.4 -6.10776 3.31486 6.0734 11.3812 -4.51513 4.99636 3.94458 -4.02283 -8.31361 130.685 0 -0.551228 0
196 1.4 -2.90336 -5.94939 -5.15508 0.615299 -2.65324 1.29864 -5.33729 5.86053 0.20037 115.958 0 -0.687655 0
197 1.4 3.47087 3.19289 5.15347 4.00375 0.663308 15.9883 2.22328 7.15133 2.89013 80.1665 0 -0.209358 0
198 1.4 -6.67177 -6.51489 2.30691 6.11899 1.11492 -3.7148 2.20163 6.98175 1.74669 88.3606 0 0.0731099 0
199 1.4 -6.36519 -3.09168 1.59447 2.54783 4.26295 -3.21945 -5.82311 -5.2565 0.880492 77.7266 0 0.471949 0
# 0.0004 0.0474728 100 0 0.0004 
0 1 -0.39364 3.14961 -0.0691854 -1.64839 -3.05626 -1.65899 7.42276 -2.2513 -8.33728 39.7977 0 -0.695779 0
1 1 5.52793 -5.27149 1.08101 4.78439 -12.9498 -5.4819 12.2847 4.37236 1.26828 10.9493 0 -0.0709518 0
2 1 -2.94191 -4.88981 -0.451198 -11.2884 0.116245 -2.76614 -3.86789 12.7709 -2.30096 23.0052 0 -0.141212 0
3 1 -3.67823 -1.56268 0.990377 5.72389 -6.13531 12.0548 10.6733 -20.5898 -2.45283 20.5928 0 -0.398484 0
4 1 -3.31424 -2.69242 5.6819 -2.66712 -1.02545 18.6415 3.56472 -4.43676 5.11644 28.6677 0 -0.0990462 0
5 1 2.53175 5.66127 4.87599 6.90608 7.32639 2.33326 -8.9272 -2.41307 -0.034451 58.9295 0 -0.335286 0
6 1 0.954199 -0.454483 -2.64867 -0.799773 -2.54076 5.65486 -9.04658 -9.56582 -5.5199 49.2231 0 -0.369468 0
7 1 -0.868669 0.352961 -4.4366 -6.0145 3.66283 -8.7323 -7.42296 -5.9589 3.63772 21.1626 0 0.16454 0
8 1 -4.462 5.11547 6.56911 3.1022 0.544797 -0.758046 -7.60774 -0.419113 -6.60116 28.6227 0 -0.0560537 0
9 1 -2.62646 -0.0228985 0.0076624 -2.99072 -10.832 1.08603 7.1011 -10.6881 14.6105 32.7014 0 0.257754 0
10 1 2.92544 -0.752448 -2.11895 -4.87565 3.71067 -7.43575 0.474324 3.90231 0.122392 45.9776 0 -0.414328 0
11 1 0.832632 -0.408217 -5.85334 -12.8198 7.03866 -5.15929 -0.0479689 -3.99223 1.35876 43.7319 0 0.280205 0
12 1 -4.55637 -3.61138 -0.839563 3.55853 -2.41555 -13.3172 0.983768 13.3445 13.6362 24.1223 0 -0.195135 0
13 1 3.24779 2.61845 -2.93016 6.25089 -4.06295 0.318193 3.36486 -0.216596 -12.2794 14.4689 0 -0.0222638 0
14 1 5.67125 -3.27516 -3.20821 -12.1731 9.16811 -2.94329 4.13946 -8.58435 -5.55617 44.0255 0 -0.332009 0
15 1 -5.64243 0.66224 -3.77837 2.45742 -7.3362 11.4784 -3.4745 -2.05148 -5.37794 36.4647 0 0.169639 0
16 1 5.84733 5.79997 -2.00212 -12.7937 0.141626 2.11091 -4.07716 -3.1046 6.0468 28.7061 0 0.205844 0
17 1 4.07261 5.37872 2.51548 9.29831 3.03681 4.90462 11.1427 7.30991 -7.53887 35.4021 0 -0.36244 0
18 1 -6.10702 -4.49161 3.62577 7.41499 1.57296 3.52056 -2.01933 8.79475 -4.95063 37.4458 0 -0.566533 0
19 1 6.9517 0.838394 -2.23414 -4.5804 -4.49291 1.53307 4.15511 -3.21981 -7.34923 36.9902 0 -0.360878 0
20 1 -5.01712 -0.409171 -5.47864 -3.6188 -3.5912 2.64289 -11.3171 9.31459 -24.4588 58.4438 0 0.926801 0
21 1 2.58928 -1.44237 0.115616 3.64708 4.69951 10.6329 -8.42401 6.51257 18.388 49.2862 0 -0.273145 0
22 1 0.81646 1.13316 2.80643 8.20927 -6.64154 9.17943 10.2819 9.20671 4.22145 34.9606 0 0.532676 0
23 1 -3.44903 -3.97424 4.05566 17.3814 0.741406 12.0343 4.45218 -11.1949 1.02233 26.3206 0 -0.219549 0
24 1 2.05931 4.31517 -2.99489 -7.19447 -1.64355 -8.60508 -6.29131 -5.27569 -12.9159 69.5808 0 -0.143176 0
25 1 -1.08012 -6.02203 -0.00898205 -9.04361 2.10384 -0.763642 1.00113 13.095 -2.13587 27.0615 0 0.0998284 0
26 1 3.75626 -6.38778 -4.68409 -2.21187 1.76152 -8.93695 -4.86211 5.49336 -4.17687 68.5814 0 -0.134949 0
27 1 2.17555 -2.88926 -4.13121 -4.30586 -8.25572 10.3236 -0.838341 1.59022 7.42678 29.9793 0 -0.270414 0
28 1 -3.14003 3.54999 6.96331 5.41823 -3.51184 -1.67631 -13.5398 3.14745 5.25643 32.118 0 1.46302 0
29 1 -4.46103 -6.01553 1.25108 1.65227 -4.49196 7.65572 -16.8995 2.20031 -6.72529 49.3415 0 -0.247521 0
30 1 -1.31158 5.81251 6.41327 3.8302 5.40929 -12.0034 3.79024 1.1547 -7.416 26.7452 0 0.0347206 0
31 1 -5.03992 4.76301 4.37362 -0.147772 4.76582 3.50667 -7.22606 -0.663925 -1.57914 44.5611 0 0.669117 0
32 1 -1.84777 -4.58357 1.31857 8.65112 11.264 -9.02743 -13.82 14.8824 -0.458266 32.0802 0 0.498263 0
33 1 0.940436 -5.58606 -0.152366 1.44346 -5.36438 -10.3185 5.46851 1.20604 19.828 22.9764 0 -0.145614 0
34 1 1.83955 -3.9888 -1.17808 -3.70832 -3.69873 0.120287 -2.19199 6.52287 6.98729 37.5931 0 -0.577406 0
35 1 4.52361 -2.30554 3.70065 5.93028 1.48512 7.21365 10.2893 -1.49322 -8.05428 24.3941 0 -0.493599 0
36 1 -0.505594 -6.57051 -5.25069 -3.10975 -3.10486 6.16492 2.5807 -14.4818 -5.14515 27.8844 0 0.473744 0
37 1 1.09463 1.68798 -6.17031 -7.79021 -5.13785 5.49569 -1.18818 10.4522 -2.36366 20.6319 0 -0.0973166 0
38 1 -5.5286 1.50173 -0.82726 -5.56935 -11.7463 1.9026 -1.48504 -4.96812 -9.2238 50.8112 0 0.639813 0
39 1 -3.13797 -3.30784 -3.20412 2.03853 -1.37678 1.5438 -2.43165 4.49983 15.9774 14.7605 0 -0.0593131 0
40 1 -4.62442 -1.39812 6.68887 6.51802 4.31394 -2.58096 5.61941 3.33359 1.62773 26.5644 0 0.384691 0
41 1 6.29584 0.2469 -4.32062 -1.65142 6.36747 13.2359 8.41947 8.91508 8.551 28.3588 0 0.0343151 0
42 1 -0.919829 -5.82171 6.83602 10.2927 -0.241086 4.54662 11.2458 1.97641 -10.082 27.1491 0 0.0825314 0
43 1 4.17764 -5.11232 -6.3634 -2.69331 -15.1577 -4.76869 -15.4227 5.80785 4.33801 16.9435 0 0.180024 0
44 1 2.31619 0.224181 1.67832 -0.0300937 -1.02472 1.06362 7.74921 -0.100938 -2.77924 47.5655 0 -0.010003 0
45 1 4.04557 6.92453 -0.865437 5.19851 -9.61848 5.9724 1.65852 1.90493 -11.4006 46.858 0 0.460996 0
46 1 1.14424 5.82327 -1.91227 -6.16142 -7.3247 2.0002 9.36015 12.6477 -6.51854 33.9928 0 0.362831 0
47 1 0.0116345 -0.840351 2.3306 6.07814 -10.1853 -3.8318 8.06609 -0.934768 -3.27451 32.7924 0 1.1967 0
48 1 -5.09258 3.97307 -0.569175 5.08651 -2.87131 3.63303 8.55323 -4.78251 12.2801 27.0786 0 -0.0829108 0
49 1 -1.53366 1.07348 6.06181 -7.40391 2.75398 -0.987313 -11.1739 -2.37945 0.252302 38.7844 0 -0.173644 0
50 1 -4.03584 5.59496 -5.43435 -4.7887 2.00633 3.281 -3.41241 -6.64364 -3.72474 32.4131 0 -0.243031 0
51 1 -2.57635 1.63331 4.31682 -10.2102 -1.94417 -4.23698 9.93311 -14.4329 -2.2735 36.9562 0 -1.37169 0
52 1 3.84035 2.55708 -5.17089 -11.9776 -7.71161 -1.6366 -0.75183 6.2018 2.93034 19.2998 0 0.0760252 0
53 1 -5.10611 2.44861 -2.80991 6.12541 5.72863 -7.66785 -5.31654 -13.2024 -5.89815 36.3694 0 -0.138327 0
54 1 1.84474 3.34988 -4.81733 -7.16645 -4.20952 -8.09055 -13.7479 -16.5983 3.95478 37.0418 0 -0.107906 0
55 1 -1.87009 3.27337 5.36576 -2.83462 -2.26483 4.41006 -1.53558 4.412 7.53384 36.1858 0 0.347329 0
56 1 -2.84541 5.08683 5.18772 9.42687 -6.93329 -4.27204 -6.00801 -8.46816 3.65177 34.0153 0 0.269091 0
57 1 4.15319 5.36644 6.11643 10.7227 2.04605 -11.5828 2.76765 4.31553 4.88853 56.4011 0 -0.325796 0
58 1 6.59237 1.61009 0.100122 -3.4797 -10.0903 12.9447 -13.7674 12.4348 14.9964 45.6761 0 0.827645 0
59 1 -0.803762 -5.31089 -3.63567 -4.82736 5.36187 -4.64417 0.404842 -0.187151 0.190521 41.7041 0 0.242403 0
60 1 -6.4882 -6.91368 -2.36641 -12.3691 -1.44142 -0.662328 5.84691 2.49089 -7.63976 40.3863 0 0.515784 0
61 1 -6.53258 -2.40647 6.58076 19.0131 5.09557 -7.33751 7.00994 -9.24694 -8.96733 25.7373 0 0.127808 0
62 1 1.17113 -2.0102 -1.30869 1.76064 -2.6758 1.46096 -2.89192 8.01636 0.253115 23.2001 0 -0.42273 0
63 1 -1.84573 4.07058 3.45416 16.4161 8.66597 12.4949 -2.02172 5.21905 -5.44524 12.0183 0 0.452288 0
64 1 4.82643 1.25857 -2.69633 4.65859 -9.25931 -9.53073 -0.692636 4.56583 -11.9163 23.7723 0 0.330281 0
65 1 -2.45443 3.37665 0.0132537 3.85267 1.43959 14.101 13.263 -8.99388 9.19836 46.5988 0 -1.80876 0
66 1 1.43526 -2.2833 1.95149 8.33802 3.67479 -5.72382 5.24726 13.4094 -11.2865 17.8012 0 0.861269 0
67 1 1.14183 6.6375 -6.48743 3.27697 -3.49108 -8.10783 -3.46838 6.10967 -8.66863 19.4868 0 0.041735 0
68 1 4.38974 -1.47707 -3.54156 2.29516 -0.692705 1.23543 -17.7877 3.01816 -1.45624 37.9829 0 -0.304701 0
69 1 -0.50639 3.51972 -2.18794 1.25947 -22.4024 6.37006 -7.0314 -0.815775 -7.953 13.2293 0 0.15074 0
70 1 1.64881 -5.36573 6.26193 5.34608 8.11557 2.44424 -0.762058 -0.564764 8.89651 18.2389 0 -0.203587 0
71 1 -3.34303 4.35325 -1.59814 -5.70282 3.01777 -1.81212 -0.0196499 -3.86779 -7.39006 51.7082 0 -1.73932 0
72 1 3.08459 5.98487 -6.09178 -7.05958 -5.35034 -5.96796 5.62911 5.39308 -4.79202 22.4069 0 -0.163724 0
73 1 -5.57776 0.141899 2.53706 7.19633 -15.3944 5.90402 -11.1753 4.20587 -1.77177 42.816 0 -0.32751 0
74 1 -4.93443 -6.8506 -4.04489 -9.18783 3.69089 -2.7212 1.54304 2.30759 -6.01231 36.2045 0 0.0576385 0
75 1 -4.40688 -1.39729 -2.79146 -3.42348 -8.58174 -2.30399 5.71063 -1.43434 -3.75976 45.1077 0 0.0134098 0
76 1 -6.74701 3.69104 3.70948 -0.461732 4.64539 1.47298 -5.38798 2.52704 -3.39812 36.6658 0 0.129757 0
77 1 0.525573 -3.93425 -2.79459 3.89866 -9.35767 4.35329 11.6568 -7.60577 13.7527 38.8162 0 -0.98521 0
78 1 -6.86471 3.38137 1.52987 14.8509 -6.66714 2.89445 5.68478 0.835425 -9.07381 25.3956 0 -0.725709 0
79 1 0.178562 -4.53304 1.8512 3.6714 -13.2254 -7.58581 8.40868 8.64099 3.19678 20.8541 0 0.118569 0
80 1 6.65978 -6.36552 5.67855 5.67015 2.01438 17.0458 5.98675 -8.66975 13.0536 34.062 0 1.92904 0
81 1 -4.74993 0.256279 0.632558 -1.59585 -9.90152 3.93364 24.7989 7.83225 3.91352 54.9607 0 -0.943591 0
82 1 -3.87988 4.27644 1.26538 4.3933 -0.303312 4.78703 4.23434 -2.1289 -0.43378 33.3878 0 0.63248 0
83 1 -3.11321 -3.6677 -6.38781 -12.4527 -3.56679 5.94918 5.75848 2.96493 8.59422 43.9167 0 -0.242125 0
84 1 0.186034 5.12704 -0.0956001 0.0302259 -10.0501 6.49179 4.3731 -6.69332 -1.42172 64.2665 0 -0.454644 0
85 1 -2.33193 -2.79646 2.27368 -6.13607 -3.07539 -7.41791 4.95181 4.76296 -4.11863 25.7614 0 -0.0766361 0
86 1 -3.20761 0.986446 1.81411 -7.91885 2.88176 9.92235 7.07915 6.81809 -7.90983 45.9668 0 0.969551 0
87 1 0.597313 -0.848143 0.331522 9.65814 -7.5286 -3.57173 14.7498 -3.05353 -2.36838 30.6167 0 0.286616 0
88 1 1.23176 -6.66717 4.69383 11.2926 11.8051 -4.42465 -2.50406 -5.02609 -8.91879 25.9585 0 0.362528 0
89 1 3.67092 -3.21747 -2.66226 -2.66307 6.62346 2.02326 9.72049 1.46733 -10.3649 38.6916 0 -0.309507 0
90 1 -3.67399 3.79354 -4.35412 0.104263 0.771864 1.94976 0.163306 2.99038 5.8443 26.2497 0 0.0392156 0
91 1 2.05561 -0.640097 6.3954 8.40928 -1.65838 1.68092 7.34892 -7.40172 -3.63256 23.1503 0 0.0339988 0
92 1 5.8166 2.85593 -4.08309 5.61623 15.261 -13.422 8.38081 -4.29747 -3.77941 17.5629 0 -0.00978483 0
93 1 -1.16857 -0.395243 -6.43277 -16.2276 -7.05684 0.526341 4.05204 5.38715 -5.90469 28.1953 0 -0.334729 0
94 1 -5.44733 -6.13439 4.67774 9.04252 9.31529 0.175129 1.92219 10.1505 14.6159 45.8568 0 -0.229428 0
95 1 -5.22812 5.8628 1.07452 5.42849 5.7173 -2.97345 -8.60494 1.91197 3.42323 29.6637 0 0.328611 0
96 1 6.43202 -6.24813 -0.712275 -2.10739 -5.98229 -2.04249 -10.995 2.2598 4.84195 36.2481 0 0.221941 0
97 1 2.83466 1.8209 3.19473 3.42866 5.32949 10.341 7.96959 -0.0693693 2.28169 31.4129 0 -0.783046 0
98 1 2.02018 0.837557 -0.499142 -2.49175 -2.31004 -1.75339 -5.65004 -11.1931 -8.1408 21.7394 0 -0.0970012 0
99 1 3.00349 -5.69592 0.449422 14.8179 -13.2475 5.09576 -7.46979 -9.78951 0.836771 31.7241 0 0.735726 0
100 1 -6.74645 5.99066 4.40139 11.9845 0.270247 0.733357 8.42311 2.56157 -9.72799 14.8887 0 0.367951 0
101 1 -1.76498 -3.78067 -4.82496 -6.29621 1.47733 0.227733 10.4191 2.15746 2.54297 51.7941 0 0.0740923 0
102 1 -3.79933 -3.72072 1.12096 -7.71438 -3.75155 -6.50561 -6.24325 0.9103 -8.44565 28.1709 0 0.351597 0
103 1 -4.59243 -4.84535 -3.72022 -4.6458 -0.69386 -3.26878 -1.04925 2.73758 15.9328 48.1416 0 -0.00409494 0
104 1 -4.03313 0.286243 -1.58924 -8.50862 -8.04893 1.92461 -1.35772 0.309754 -19.5101 30.2107 0 -0.194098 0
105 1 -1.85054 -5.99229 -1.93414 10.2512 11.4164 -4.62228 0.898272 -14.5239 7.20483 27.8493 0 0.573203 0
106 1 4.18851 -4.11408 -4.48642 -0.671343 9.97365 1.46733 0.90858 -3.89404 9.79609 35.6034 0 -0.568335 0
107 1 -2.23878 -4.44574 5.83 12.5792 0.766786 7.51658 -8.98653 -2.73729 -2.10645 40.9241 0 -1.06259 0
108 1 1.37634 3.62708 -1.15868 0.76898 -7.20686 0.432545 -9.7929 -1.17409 -9.8475 43.1571 0 0.430917 0
109 1 5.12829 3.82422 3.42901 4.42236 -3.19491 6.77464 -11.3458 7.43642 -10.9929 40.8918 0 0.184373 0
110 1 -6.8127 -6.00782 -4.96102 -10.7849 4.96358 4.02926 1.05309 2.87948 11.9694 57.5992 0 0.0932371 0
111 1 6.20593 4.32852 -6.27996 -13.3678 -11.1803 10.231 -4.29168 17.5726 9.48968 18.7159 0 0.0739113 0
112 1 1.23685 1.59446 -3.21405 -5.93058 -11.3983 0.483226 0.459451 10.5924 9.29963 32.1061 0 -0.114049 0
113 1 0.13816 0.694414 4.82241 -5.68285 -2.18102 0.806045 -1.71575 -3.70988 -6.29232 31.9311 0 0.258467 0
114 1 6.65857 1.38507 2.19962 -4.3251 -6.40515 13.9066 2.91708 0.0134201 -11.4661 28.0458 0 -0.178243 0
115 1 -3.47614 0.389559 6.72767 7.85474 3.12557 -3.20289 8.82738 -3.66544 1.29024 30.522 0 0.196951 0
116 1 1.14584 3.74865 3.27047 1.22082 6.27165 -7.78911 10.4713 -0.241293 30.1852 18.0764 0 0.424148 0
117 1 4.85356 -0.908999 -5.51239 -7.64085 -2.5618 -5.29051 0.71612 -6.50737 -7.07737 52.0464 0 -0.667228 0
118 1 -3.09145 -5.49274 2.70775 7.04934 7.46415 2.70118 -0.342277 0.713713 -2.42648 49.5793 0 0.616383 0
119 1 3.24941 -4.31506 5.37172 2.65225 2.17329 -13.2944 5.79 3.46515 9.01276 28.2602 0 -0.113214 0
120 1 1.94358 -3.97245 0.881065 5.16059 -0.855866 -5.0627 -0.583363 -0.757921 2.24649 18.6478 0 0.707421 0
121 1 -6.62516 -4.38267 -3.70245 -9.40235 3.43889 -1.04326 -1.27934 -1.25379 3.48008 39.2841 0 0.83775 0
122 1 -5.10363 -3.65035 5.27846 15.9986 1.17886 6.8155 0.460269 3.9277 -6.27615 35.6157 0 -1.1785 0
123 1 -5.69444 -5.03376 -1.96458 -12.7108 6.08157 -5.78986 -12.9722 5.84484 -4.00877 43.637 0 -0.427721 0
124 1 -3.68898 2.31429 -1.28094 2.67037 -1.57012 1.00444 0.608189 -5.19232 -8.2426 39.6927 0 0.608971 0
125 1 0.909526 4.55092 -6.35398 -17.3437 3.93478 -2.76575 15.4122 -10.1893 6.56264 30.4039 0 -0.168593 0
126 1 5.68843 -3.09162 -5.78014 0.835328 10.6535 -8.1091 0.438946 -12.4485 4.95023 22.0676 0 -0.0271471 0
127 1 -1.77917 2.5593 1.84166 7.24413 -5.80216 8.29905 8.94965 9.94259 -10.4297 43.3672 0 -0.723717 0
128 1 3.06335 3.95309 -6.47302 -12.1084 -3.09809 -2.48276 -3.9502 2.5322 3.65949 29.5478 0 0.321118 0
129 1 3.81405 -4.57074 -1.07984 -6.36898 -0.0217526 -1.77038 2.1991 -2.78608 2.17076 47.4086 0 0.44774 0
130 1 6.34574 6.21232 -3.97638 -10.8073 -2.73106 -1.46132 -5.13314 4.45059 -2.85188 55.2973 0 -0.118391 0
131 1 -0.726991 2.32872 3.62804 2.46301 -7.69294 3.11766 -4.82206 -0.531998 1.59201 63.0106 0 0.0576412 0
132 1 1.35757 6.08728 -3.99542 4.15778 -2.4949 1.10354 5.34973 7.93354 -0.702742 7.63756 0 -0.110133 0
133 1 -1.01444 6.11378 -1.45259 -6.60056 -5.62536 10.88 -16.5648 -2.3362 -14.1228 71.2819 0 0.0626715 0
134 1 1.42015 5.91966 3.14916 8.73725 9.2745 -3.41209 -8.87174 7.36099 4.70916 69.0512 0 0.103203 0
135 1 -6.19675 5.42068 -5.31976 -8.42176 0.389782 -3.98445 0.24252 -17.6663 -3.78191 41.2692 0 -0.320729 0
136 1 -1.54998 0.376993 3.03855 -3.36991 -1.91253 -2.47987 9.23249 -8.59018 -7.70321 34.0853 0 0.93256 0
137 1 -5.18657 -6.61765 -6.07695 -18.6872 3.09061 4.20193 6.54665 -4.45635 6.23463 65.9016 0 1.3669 0
138 1 0.592798 5.55184 5.59845 2.85533 12.428 -1.03606 -2.90017 1.22174 9.59814 21.9689 0 0.233555 0
139 1 4.4054 -1.95167 -1.19232 -7.58811 8.75 6.9779 -0.124513 0.458787 -11.847 40.8077 0 -0.555478 0
140 1 -0.881705 5.30089 -5.56869 -19.9716 -3.21754 -5.4363 -3.7913 -12.734 -0.594317 28.7966 0 -0.0411864 0
141 1 6.72073 -0.72677 1.56148 0.174645 -5.58387 3.87076 14.805 10.4901 -2.24509 30.7527 0 0.0184459 0
142 1 -5.89776 -5.024 0.0841956 11.5687 -0.418561 -1.97994 -2.16913 18.2737 -8.32837 45.826 0 -0.742206 0
143 1 3.45524 -6.56839 5.91263 3.76755 -2.93832 2.2228 -1.5767 2.4643 -7.12852 13.1043 0 -0.218118 0
144 1 -6.41251 5.82019 6.46218 7.88433 -3.92473 -7.20091 -1.65317 -3.09206 -5.39021 28.7276 0 0.110431 0
145 1 6.07037 -1.17615 -2.20272 4.02901 -8.3642 5.26664 -14.1358 3.52357 4.51958 59.3163 0 -0.696211 0
146 1 6.2259 -4.87699 -6.79835 -12.5581 5.63712 -6.90822 0.0189605 -12.3442 5.63669 26.1262 0 -0.0991066 0
147 1.4 -5.3363 0.702337 4.99592 5.20419 -2.95871 6.08567 -4.92134 -0.128377 5.39051 132.055 0 -0.149398 0
148 1.4 -5.35513 4.92137 -2.93119 -3.16507 3.87871 3.65014 -8.57564 -8.83198 4.35401 112.676 0 -0.900093 0
149 1.4 0.9766 -3.47686 4.58935 -2.36512 1.52002 0.920823 1.30013 1.15601 -3.39229 107.759 0 -0.0564135 0
150 1.4 5.90001 1.70805 4.68718 5.84408 -5.51836 9.46375 4.97528 0.306731 1.48648 146.635 0 0.182473 0
151 1.4 6.14644 -3.74271 -0.824904 -0.526671 -3.20738 3.68456 5.54663 5.04001 -5.84334 126.627 0 -2.25022 0
152 1.4 5.78404 5.63837 0.480435 5.92535 -7.84795 0.685632 -0.603888 -3.07244 4.17367 101.397 0 -0.786878 0
153 1.4 4.97294 -1.69505 6.06784 12.5186 1.01554 0.378989 1.78279 5.94433 -1.82429 105.061 0 0.233644 0
154 1.4 0.602399 3.04012 5.58988 8.77948 0.592073 -1.24392 2.17952 5.20502 1.56388 79.0984 0 0.118534 0
155 1.4 2.43628 -5.3743 2.86264 8.66863 1.83178 0.62509 -2.97057 2.20118 -3.43813 62.6356 0 0.0379454 0
156 1.4 -0.486611 0.922539 -1.15547 2.35386 -3.85121 14.4329 -6.12638 3.86494 -1.06418 85.0357 0 0.437328 0
157 1.4 -2.99656 6.30763 0.10352 1.72743 6.87592 -0.745938 -4.29051 1.54215 -2.04602 104.818 0 1.63029 0
158 1.4 1.99704 -0.854211 3.91074 1.37751 -1.59652 6.49479 0.154311 -5.32781 -4.01379 76.7479 0 0.146516 0
159 1.4 -2.40113 5.72283 -3.4745 -3.45097 7.30053 0.89607 -1.9302 0.276609 -5.89232 112.41 0 -0.0737917 0
160 1.4 -3.43656 6.02692 2.9729 11.1591 -3.2275 0.743037 -2.67252 -4.72446 1.19555 103.019 0 0.0149117 0
161 1.4 2.92333 0.288573 -4.53269 -2.27818 -3.91284 1.18481 -2.13698 9.51317 7.58614 133.199 0 -0.0891463 0
162 1.4 -4.44462 2.70968 3.09341 1.45192 -5.71578 3.56533 -9.23018 -0.0891822 2.06741 89.8644 0 0.0810338 0
163 1.4 1.62326 -5.21717 -5.16757 -2.93746 -0.356948 -2.92271 0.397383 5.81667 -2.21178 87.7688 0 -0.306991 0
164 1.4 -5.90372 -1.4543 -0.740054 -1.225 5.14727 -2.04871 0.481018 3.12976 -2.96295 106.437 0 -1.5972 0
165 1.4 -6.44962 -1.96699 -4.20939 -5.41253 8.67167 -3.30848 -3.43533 -2.11458 2.31792 86.3557 0 2.15913 0
166 1.4 5.45575 6.71089 -6.26522 -5.77903 -8.95005 -2.57009 9.53746 -5.6745 4.02896 173.486 0 1.0916 0
167 1.4 3.81094 4.40422 -1.24187 -1.81551 -7.16484 -0.455393 1.14297 -1.38389 2.19999 153.689 0 -0.879178 0
168 1.4 -1.20413 -6.11228 4.3205 0.356518 1.47855 4.30205 5.2346 3.94067 -6.55548 124.085 0 0.550868 0
169 1.4 -5.50773 -4.12668 -5.93239 -15.8379 8.86186 9.71178 -0.73049 -1.6227 6.28179 86.6117 0 0.685472 0
170 1.4 4.58209 0.0613089 2.70765 -5.27737 -1.55389 3.92064 4.10135 1.74993 2.59972 111.739 0 0.11424 0
171 1.4 -0.146795 -2.00548 -4.2335 -7.20321 -1.17737 3.46893 -6.16876 -2.6847 4.15648 84.7172 0 -0.955818 0
172 1.4 -2.86624 1.5553 -3.51796 4.68799 -2.46638 8.79097 -2.51146 -1.90388 -2.51367 138.629 0 0.0284168 0
173 1.4 2.40446 -6.03742 -2.50364 3.74116 -5.07203 -1.25951 -1.83698 -3.90034 0.941219 113.52 0 0.0925381 0
174 1.4 4.70165 2.90688 1.10562 3.09246 -5.04316 6.72813 9.73378 -1.76769 0.329426 88.16 0 -0.665317 0
175 1.4 4.21681 4.91863 -4.07053 -6.29785 -11.1669 -2.01753 -2.52446 6.17872 0.570757 79.2725 0 0.311618 0
176 1.4 4.58744 -2.41915 1.23074 7.56902 -1.52437 13.1411 0.176502 3.95012 1.03929 67.5761 0 -0.0221066 0
177 1.4 -2.87979 -1.58442 -5.07383 -11.944 -6.11974 5.49438 3.11704 12.0912 -1.56344 92.6123 0 -0.63008 0
178 1.4 -1.11691 -1.47551 4.78846 -9.28747 -8.36035 4.356 -7.23659 5.15433 3.70462 73.0505 0 0.16355 0
179 1.4 -3.44666 -6.63982 6.06881 2.88728 -1.66515 0.234613 -0.468188 0.420215 3.8676 149.651 0 0.983238 0
180 1.4 -0.54537 -3.17146 -6.91614 -13.0954 -1.7993 3.30927 0.327403 -2.11028 2.0105 150.782 0 -1.5233 0
181 1.4 -4.69091 2.02188 -5.74431 2.64242 -0.0464878 2.34064 -3.03644 -2.09985 2.33944 125.539 0 0.0261151 0
182 1.4 -0.666083 6.39734 1.88965 5.8481 9.96453 -0.330753 -1.81359 1.76962 -3.12601 149.196 0 0.21427 0
183 1.4 -0.602619 2.97832 -4.75247 -7.38468 4.46013 -1.32672 7.44093 5.40765 5.05681 61.243 0 -0.0884788 0
184 1.4 -3.77225 -1.2989 3.6346 -4.8044 -15.021 8.5196 4.99434 0.789756 -8.91973 102.896 0 -0.365958 0
185 1.4 5.68437 -4.23269 4.84407 1.89676 -5.12363 4.57392 3.35424 1.51627 -1.67836 58.8371 0 -0.49771 0
186 1.4 2.37385 5.89161 0.775615 2.5384 -1.93249 5.08589 1.96065 6.43488 4.3546 128.764 0 0.13864 0
187 1.4 6.47999 3.35582 -1.70076 -3.0237 -11.4968 -1.95826 1.85237 1.17046 -4.05585 89.8413 0 -0.138964 0
188 1.4 2.50748 -2.89531 -6.64909 -7.77164 -7.73102 -2.55651 -1.23695 7.80785 -6.11073 71.4644 0 0.632821 0
189 1.4 -6.73266 -1.80109 4.18227 5.64894 -4.59155 -5.07857 2.42706 -4.2521 9.56578 88.9608 0 0.547671 0
190 1.4 4.17431 0.962079 6.89136 5.35509 -0.661127 9.47188 -6.03953 -6.62063 1.57486 114.771 0 1.13974 0
191 1.4 5.2916 -5.69927 -2.85189 -1.83949 10.5902 -2.30948 1.65906 -9.61268 0.518765 141.025 0 0.289229 0
192 1.4 1.79457 2.72511 1.11564 8.66328 0.830648 -0.208556 -0.020117 13.0578 -4.0851 81.8663 0 -0.503296 0
193 1.4 6.86587 0.0937191 -6.72496 -8.68598 1.86662 5.56526 2.05004 -3.64394 -3.4464 167.082 0 -0.115627 0
194 1.4 4.48392 0.348615 -0.223936 -0.979759 -2.18307 2.54155 -0.199018 8.22466 2.72076 61.8345 0 0.17833 0
195 1.4 -6.10609 3.31503 6.07356 6.18759 1.52556 2.17497 2.16861 -1.1511 5.33956 130.465 0 -0.740525 0
196 1.4 -2.90453 -5.94984 -5.15493 -5.31835 -5.04109 -7.72241 1.71909 7.09966 4.9088 116.044 0 -0.67297 0
197 1.4 3.4706 3.19316 5.154 3.63635 -1.33577 2.58051 -5.36494 -0.0692384 -4.77514 80.0598 0 0.0568095 0
198 1.4 -6.66951 -6.51612 2.30977 1.04478 -3.1348 6.08274 -3.05855 6.5972 2.96981 88.2301 0 -0.284453 0
199 1.4 -6.36529 -3.09135 1.59399 5.6653 -3.98768 -7.73094 -1.98068 7.11275 0.737664 77.7715 0 -1.00808 0
