# LF_DEM version v2.0-525-gc482fc8
# np 200
# VF 0.45
# Lx 13.9626
# Ly 13.9626
# Lz 13.9626
# data in thermal units.
#1: time
#2: shear strain
#3: shear rate
#4-9: total stress tensor (xx, xy, xz, yz, yy, zz)
#10-15: hydro stress tensor (xx, xy, xz, yz, yy, zz)
#16-21: contact stress tensor (xx, xy, xz, yz, yy, zz)
#22-27: repulsive stress tensor (xx, xy, xz, yz, yy, zz)
#28-33: brownian stress tensor (xx, xy, xz, yz, yy, zz)

0.0005 5e-05 0.1 -10.5783 1.13903 0.360152 -0.575428 -9.84785 -10.3759  -0.013759 -0.00172958 0.397717 -0.00840439 -0.00031394 -0.00711616  0 0 0 0 0 0  0 0 0 0 0 0  -10.5645 1.14076 -0.037565 -0.567024 -9.84754 -10.3688  
0.0015 0.00015 0.1 -10.32 1.28531 0.76996 -0.232199 -9.61792 -10.7905  -0.0100101 -0.000534644 0.399723 -0.00864625 0.000738687 -0.00248544  0 0 0 0 0 0  0 0 0 0 0 0  -10.3235 1.50328 0.682264 -0.518288 -10.2399 -11.7197  
0.0025 0.00025 0.1 -9.90337 0.248919 0.148248 -0.244651 -9.26621 -11.2972  -0.00792609 0.000300579 0.402397 -0.0093517 0.00115659 -0.00133517  0 0 0 0 0 0  0 0 0 0 0 0  -9.89613 -0.486228 -0.782345 -0.214537 -9.11445 -11.0682  
0.0035 0.00035 0.1 -10.5015 0.330905 0.45138 -0.545341 -9.90811 -10.9966  -0.00758456 -0.000386968 0.40429 -0.0110552 0.00312792 -0.00383849  0 0 0 0 0 0  0 0 0 0 0 0  -10.9703 0.297751 0.418578 -0.45845 -10.2672 -11.1053  
0.0045 0.00045 0.1 -10.7853 0.982766 0.465557 -0.642984 -10.6338 -11.8457  -0.00316628 -0.00271877 0.404928 -0.00887589 0.00376627 -6.96413e-05  0 0 0 0 0 0  0 0 0 0 0 0  -11.7105 1.95246 0.0538315 -1.06939 -11.5405 -12.9268  
0.0055 0.00055 0.1 -11.1232 0.44317 0.25807 0.102282 -10.4614 -11.6776  -0.00590733 0.000776118 0.408043 -0.00890189 0.00551567 0.00065389  -0.000996979 -0.0190765 0.000982042 -0.00108635 0.00412275 0.0223471  0 0 0 0 0 0  -11.5623 -0.0414577 -0.340498 1.12809 -10.1168 -12.1328  
