# LF_DEM version v1.0-423-g22686d4
# np 500
# VF 0.449998
# Lx 18.9728
# Ly 18.9728
# Lz 18.9728
0.00146753 14.7282 -0.778855 -0.00293715 0.66862 0.0142597 -0.588154 -0.77845 -0.0433246 -0.000953582 0.234238 -0.00140792 0.0103885 -0.0109048 -0.549065 -0.00978569 0.413533 0.0239279 -0.388389 -0.547558 -0.0417358 0.0064645 -0.0292063 -0.00942022 -0.0635717 -0.0600616 -0.144729 0.00133763 0.0500549 0.0011599 -0.146582 -0.159925 0 0 0 0 0 0 0.2 
0.00272191 15.0959 -0.766781 -0.00565797 0.688129 0.015927 -0.564473 -0.773663 -0.0434242 -0.000920543 0.234447 -0.00155477 0.0101831 -0.0114705 -0.537125 -0.00907591 0.429081 0.0256634 -0.365206 -0.545647 -0.0414579 0.00299922 -0.0253287 -0.00923343 -0.0625535 -0.0562261 -0.144774 0.00133927 0.0499306 0.00105181 -0.146897 -0.160319 0 0 0 0 0 0 0.2 
0.00424975 15.2896 -0.762597 -0.0078365 0.698404 0.0176636 -0.549236 -0.772522 -0.0418538 -0.000323469 0.234198 -0.000979935 0.0114061 -0.0076968 -0.535731 -0.00966374 0.440454 0.0270463 -0.353257 -0.549899 -0.0405044 0.000538022 -0.026513 -0.00912528 -0.0600051 -0.0541637 -0.144508 0.00161268 0.050265 0.000722509 -0.14738 -0.160762 0 0 0 0 0 0 0.2 
0.00584939 15.4598 -0.765239 -0.00837249 0.707431 0.0185913 -0.54164 -0.7762 -0.0420124 -0.000196574 0.234048 -0.000928284 0.0113455 -0.00770434 -0.539046 -0.010632 0.44839 0.0278433 -0.347178 -0.555471 -0.0396889 0.000861275 -0.0252083 -0.00885957 -0.0582452 -0.051728 -0.144491 0.00159484 0.0502015 0.000535805 -0.147562 -0.161296 0 0 0 0 0 0 0.2 
0.00750254 15.5819 -0.768529 -0.0091703 0.713912 0.0192067 -0.537707 -0.780826 -0.0423835 -0.000264809 0.234435 -0.00084837 0.0112707 -0.0077543 -0.542061 -0.0111253 0.453616 0.0282758 -0.343892 -0.560004 -0.0396462 0.000623437 -0.0243163 -0.00905533 -0.0576772 -0.0519576 -0.144439 0.00159638 0.0501772 0.000834644 -0.147408 -0.16111 0 0 0 0 0 0 0.2 
0.00916764 15.6719 -0.77123 -0.0092951 0.718684 0.0197019 -0.535313 -0.786192 -0.0428565 -0.00033106 0.234548 -0.000798366 0.0106608 -0.00841156 -0.544462 -0.0114518 0.457523 0.0286915 -0.341972 -0.564122 -0.0393393 0.00111473 -0.0234306 -0.00890708 -0.0564417 -0.0522598 -0.144573 0.001373 0.0500439 0.000715863 -0.14756 -0.161399 0 0 0 0 0 0 0.2 
0.0108376 15.7285 -0.774526 -0.00996255 0.721688 0.0216728 -0.534116 -0.788957 -0.0432716 -0.000374047 0.234757 -0.00048819 0.010566 -0.00877489 -0.546491 -0.0118019 0.460491 0.0291755 -0.340784 -0.567395 -0.0403036 0.000792036 -0.0236478 -0.00756916 -0.0562796 -0.0510506 -0.144459 0.00142133 0.0500878 0.000554627 -0.147618 -0.161736 0 0 0 0 0 0 0.2 
